### DATA:
#
# 430
#      Q             I(Q)           Error     
1.06922151E-02  1.09418636E-02  4.88583019E-03
1.20287357E-02  1.40023897E-02  5.16973977E-03
1.33652541E-02  1.12497258E-02  1.96181397E-03
1.47017700E-02  1.19562753E-02  1.28465669E-03
1.60382831E-02  1.09586139E-02  9.43771352E-04
1.73747933E-02  9.49648860E-03  8.68264161E-04
1.87113003E-02  1.02431240E-02  7.35194678E-04
2.00478039E-02  8.97506159E-03  6.78071600E-04
2.13843037E-02  7.65129163E-03  5.26549606E-04
2.27207996E-02  7.97964982E-03  6.14571781E-04
2.40572913E-02  7.95409456E-03  6.33866888E-04
2.53937785E-02  6.44555334E-03  4.90797103E-04
2.67302610E-02  5.88229172E-03  4.60244288E-04
2.80667386E-02  5.78322220E-03  3.74412698E-04
2.94032110E-02  5.74541444E-03  3.95419402E-04
3.07396780E-02  4.55123294E-03  3.42623820E-04
3.20761393E-02  4.80199105E-03  3.83918127E-04
3.34125946E-02  3.69020838E-03  3.34163149E-04
3.47490438E-02  3.72425694E-03  3.19166085E-04
3.60854865E-02  3.90036635E-03  3.08290775E-04
3.74219226E-02  3.61113969E-03  2.96267337E-04
3.87583518E-02  3.15483822E-03  3.03274600E-04
4.00947738E-02  2.74702673E-03  2.61142755E-04
4.14311883E-02  2.39740498E-03  2.74479874E-04
4.27675953E-02  2.42507004E-03  2.89700256E-04
4.41039943E-02  2.59773125E-03  2.62406275E-04
4.54403851E-02  1.94195512E-03  2.28780642E-04
4.67767676E-02  1.74601820E-03  2.28113665E-04
4.81131414E-02  1.50698787E-03  2.21123180E-04
4.94495063E-02  1.43352447E-03  2.16712686E-04
5.07858621E-02  1.76718975E-03  2.08579922E-04
5.21222085E-02  1.70528747E-03  2.16990587E-04
5.34585452E-02  1.12105919E-03  1.97248579E-04
5.47948721E-02  1.59877714E-03  2.08588332E-04
5.61311889E-02  1.27277738E-03  2.03673329E-04
5.74674952E-02  1.10885572E-03  2.01963990E-04
5.88037910E-02  1.11581878E-03  1.97686719E-04
6.01400758E-02  1.09188054E-03  1.96648206E-04
6.14763496E-02  8.65737094E-04  1.98512254E-04
6.28126120E-02  8.47485763E-04  1.99449996E-04
6.41488628E-02  7.84560643E-04  1.68321486E-04
6.54851017E-02  1.05054214E-03  1.71558514E-04
6.68213285E-02  5.09906846E-04  1.62395838E-04
6.81575430E-02  7.24685390E-04  1.66994527E-04
6.94937449E-02  9.24756422E-04  1.90490734E-04
7.08299339E-02  4.83470253E-04  1.87361910E-04
7.21661098E-02  8.14830895E-04  1.70036486E-04
7.35022724E-02  5.65170445E-04  1.63885252E-04
7.48384215E-02  1.11669689E-03  1.80881718E-04
7.61745566E-02  5.95508236E-04  1.81841683E-04
7.75106778E-02  4.86520544E-04  1.49330005E-04
7.88467845E-02  4.81249564E-04  1.47439054E-04
8.01828767E-02  3.01695181E-04  2.19892365E-04
8.15189541E-02  2.74910869E-04  1.28903636E-04
8.28550165E-02  5.74668230E-04  1.59922333E-04
8.41910635E-02  3.83065784E-04  1.58898276E-04
8.55270949E-02  5.51667880E-04  1.44864990E-04
8.68631106E-02  5.22197114E-04  1.65597905E-04
8.81991102E-02  2.07130048E-04  1.90557548E-04
8.95350935E-02  2.72794149E-04  1.44091825E-04
9.08710603E-02  2.88027266E-04  1.71390798E-04
9.22070102E-02  5.10859530E-04  1.88189143E-04
9.35429432E-02  3.67755949E-04  1.64435926E-04
9.48788588E-02  3.90748889E-04  1.87093422E-04
9.62147569E-02  2.52137556E-04  1.58991804E-04
9.75506373E-02  2.61117638E-04  1.73171617E-04
9.88864996E-02  2.87092881E-04  1.62863528E-04
1.00222344E-01  3.05464186E-04  1.79039493E-04
1.01558169E-01  1.82753143E-04  1.20777417E-04
1.02893976E-01  2.32659903E-04  2.02012452E-04
1.04229764E-01  1.46627359E-04  1.50054890E-04
1.05565532E-01  1.37545011E-04  1.02806628E-04
1.06901281E-01  1.32606606E-05  2.24686605E-04
1.08237011E-01  1.09979793E-04  1.23413445E-04
1.09572720E-01  2.47596182E-04  1.35980985E-04
1.10908409E-01  1.46978639E-04  1.57056781E-04
1.12244077E-01  3.30434354E-04  1.36962542E-04
1.13579725E-01  2.98697729E-05  5.96588307E-05
1.14915352E-01  2.01750746E-04  1.64471320E-04
1.16250958E-01  6.69251974E-05  1.59590187E-04
1.17586542E-01  1.45588918E-04  9.22075933E-05
1.18922104E-01  8.90708704E-05  7.19258720E-05
1.20257645E-01  1.26522676E-04  1.06967159E-04
1.21593163E-01  2.55402095E-04  1.14694149E-04
1.22928659E-01  1.57476468E-04  1.03041434E-04
1.24264132E-01  2.07806629E-05  3.63368868E-05
1.25599582E-01  1.50790768E-04  1.28939607E-04
1.26935009E-01  -2.90521168E-05  7.85503956E-03
1.28270412E-01  1.91295108E-04  1.51268731E-04
1.29605792E-01  -4.04576163E-05  1.00283513E-04
1.30941148E-01  1.96280303E-04  1.65929981E-04
1.32276480E-01  -8.34995763E-05  4.06818347E-04
1.33611787E-01  1.98944997E-04  9.91888865E-05
1.34947070E-01  -1.16967581E-04  9.70983411E-05
1.36282327E-01  2.01216483E-04  1.18214641E-04
1.37617560E-01  1.26438249E-04  7.36356281E-05
1.38952767E-01  -1.57672133E-05  -4.61241277E-05
1.40287948E-01  6.68704079E-06  9.77973005E-06
1.41623104E-01  -9.83890508E-05  1.16728038E-04
1.42958234E-01  1.36637850E-04  9.33615468E-05
1.44293337E-01  2.38696709E-04  1.17083119E-04
1.45628413E-01  2.06470552E-04  1.17010534E-04
1.46963463E-01  2.52123327E-04  1.20847751E-04
1.48298485E-01  -1.22052324E-05  -4.51000342E-05
1.49633480E-01  -2.69496751E-05  9.39718862E-04
1.50968447E-01  1.36033868E-04  1.18268906E-04
1.52303387E-01  2.64472568E-04  1.05415576E-04
1.53638298E-01  6.30957488E-05  9.42052067E-05
1.54973182E-01  -1.93453578E-05  -1.77113709E-04
1.56308036E-01  8.62675489E-05  1.76209917E-04
1.57642862E-01  7.73643641E-05  6.91006239E-05
1.58977658E-01  8.19511674E-05  6.72815189E-05
1.60312426E-01  -1.07994868E-04  7.04603774E-05
1.61647163E-01  7.40044360E-05  1.03134627E-04
1.62981871E-01  2.78330399E-05  -4.12182569E-04
1.64316549E-01  1.48723939E-04  1.09936579E-04
1.65651196E-01  -7.87666232E-05  3.98638230E-04
1.66985813E-01  -1.52641299E-05  6.33304701E-05
1.68320399E-01  1.39844009E-04  7.37242757E-05
1.69654954E-01  6.44513968E-05  8.30318524E-05
1.70989478E-01  1.21021012E-04  1.00991101E-04
1.72323970E-01  2.63311998E-05  1.18149620E-04
1.73658431E-01  -2.27667533E-05  1.12258048E-04
1.74992859E-01  1.62435166E-04  8.33189317E-05
1.76327255E-01  1.95021340E-04  9.52257429E-05
1.77661619E-01  1.62499470E-04  9.71470165E-05
1.78995950E-01  1.05165055E-04  9.10127677E-05
1.80330247E-01  9.94588981E-05  1.14784598E-04
1.81664512E-01  -1.34126068E-04  1.40115497E-04
1.82998743E-01  -1.43788923E-04  1.30964693E-04
1.84332940E-01  -8.32294606E-05  9.73064126E-05
1.85667104E-01  -1.43199945E-04  1.19114332E-04
1.87001233E-01  2.93805517E-06  2.71009442E-05
1.88335327E-01  1.50854622E-04  1.01387657E-04
1.89669387E-01  1.39733756E-04  9.50677606E-05
1.91003412E-01  2.88720304E-05  6.27987256E-05
1.92337402E-01  5.06941144E-05  9.81995798E-05
1.93671356E-01  1.45574201E-05  5.71089973E-05
1.95005275E-01  1.16692686E-04  1.05516665E-04
1.96339157E-01  1.41892086E-04  1.50130688E-04
1.97673004E-01  -1.63266322E-05  -1.96136686E-04
1.99006814E-01  -1.26066653E-05  -4.80260367E-04
2.00340587E-01  -1.10611025E-04  9.80417107E-05
2.01674324E-01  1.00592514E-04  1.84380051E-04
2.03008023E-01  2.07975869E-05  1.09385933E-03
2.04341685E-01  -7.78805173E-05  1.10576822E-04
2.05675309E-01  1.17242245E-04  1.21783136E-04
2.07008895E-01  8.47546637E-05  1.43147670E-04
2.08342443E-01  6.06588949E-05  1.79946994E-04
2.09675953E-01  7.91832137E-05  8.59585147E-05
2.11009424E-01  1.55965315E-04  1.32296179E-04
2.12342856E-01  8.79646017E-05  1.18980655E-04
2.13676249E-01  -1.13650608E-05  3.95582080E-04
2.15009603E-01  3.19184164E-05  5.72293080E-05
2.16342917E-01  8.20751994E-06  1.82128959E-05
2.17676192E-01  8.81656155E-05  8.94413877E-05
2.19009426E-01  9.21248185E-05  8.52918928E-05
2.20342620E-01  1.62952257E-05  6.70271806E-05
2.21675773E-01  6.20024517E-05  1.39585373E-04
2.23008885E-01  -1.60277112E-06  -3.05685424E-06
2.24341957E-01  1.19004601E-04  1.57372154E-04
2.25674987E-01  -5.37774341E-05  1.74243393E-04
2.27007976E-01  7.24116854E-06  -2.34544468E-04
2.28340922E-01  2.00960659E-05  3.97736462E-05
2.29673827E-01  7.68009640E-05  9.52113734E-05
2.31006689E-01  1.06569300E-05  1.35518802E-04
2.32339509E-01  1.07345681E-04  7.22920643E-05
2.33672286E-01  4.49739253E-05  4.58102800E-05
2.35005021E-01  1.73535658E-04  6.29201852E-05
2.36337711E-01  -2.72537750E-05  1.75680811E-04
2.37670359E-01  1.03892385E-05  8.34741121E-05
2.39002962E-01  -2.50992313E-05  2.10623361E-04
2.40335522E-01  -9.50412805E-05  6.85919290E-05
2.41668037E-01  -1.88017784E-04  1.03341530E-04
2.43000508E-01  1.06364155E-04  9.34158051E-05
2.44332934E-01  3.11118947E-06  -7.65664517E-05
2.45665316E-01  1.52811637E-04  1.01670695E-04
2.46997652E-01  -1.04756576E-04  1.34295660E-04
2.48329942E-01  2.68507298E-05  4.84658572E-05
2.49662187E-01  2.01023486E-04  9.22917912E-05
2.50994386E-01  -1.84048895E-04  9.66730043E-05
2.52326539E-01  8.93078004E-05  6.40402109E-05
2.53658646E-01  1.65201966E-04  9.13284064E-05
2.54990705E-01  1.66742810E-04  6.76708398E-05
2.56322718E-01  -7.87978287E-05  -1.70517398E-03
2.57654684E-01  7.30173761E-06  3.84799356E-05
2.58986602E-01  1.16123286E-04  6.89188624E-05
2.60318473E-01  3.97920264E-05  1.09801832E-04
2.61650296E-01  1.69231670E-04  9.15316080E-05
2.62982071E-01  8.05301221E-05  5.25971971E-05
2.64313797E-01  5.89753243E-05  4.17343654E-05
2.65645475E-01  4.29016459E-05  5.78560904E-05
2.66977104E-01  1.77561018E-04  9.63978602E-05
2.68308684E-01  1.29842285E-04  8.56504443E-05
2.69640214E-01  -7.95535085E-05  7.73452411E-05
2.70971695E-01  3.02385415E-05  5.00347769E-05
2.72303126E-01  -8.76182851E-05  8.06305489E-05
2.73634508E-01  -7.58795788E-05  2.99732706E-04
2.74965838E-01  1.37270661E-04  8.59613410E-05
2.76297119E-01  8.41831459E-05  6.61994416E-05
2.77628348E-01  2.21990387E-05  4.00552247E-05
2.78959527E-01  -1.20220598E-04  8.54825655E-05
2.80290654E-01  8.89920565E-05  9.04852376E-05
2.81621730E-01  -1.88280204E-04  7.97003672E-05
2.82952754E-01  2.94033360E-05  5.78875420E-05
2.84283726E-01  5.69302126E-05  7.55340754E-05
2.85614646E-01  -1.32440954E-04  9.41813321E-05
2.86945514E-01  1.46817370E-04  9.13376118E-05
2.88276328E-01  -9.46470457E-06  6.39671713E-05
2.89607090E-01  -1.47345635E-04  1.09340217E-04
2.90937799E-01  -2.30479285E-05  3.21777752E-05
2.92268454E-01  -4.77967341E-05  1.07877117E-04
2.93599055E-01  5.28845516E-05  6.34864589E-05
2.94929603E-01  5.14785959E-05  5.32729028E-05
2.96260097E-01  1.00204778E-05  4.60187276E-05
2.97590536E-01  -1.01715904E-04  9.33119938E-05
2.98920920E-01  1.49232647E-04  6.55076929E-05
3.00251250E-01  -1.64471567E-05  -3.46334125E-05
3.01581524E-01  1.03467923E-04  8.26910589E-05
3.02911743E-01  -3.57913726E-06  5.11618616E-06
3.04241907E-01  -4.36513961E-05  1.12670499E-04
3.05572015E-01  -6.76268519E-06  -8.43921101E-05
3.06902066E-01  4.92564161E-05  8.57452772E-05
3.08232062E-01  1.36293213E-05  5.62272459E-05
3.09562000E-01  1.59017203E-04  8.00106542E-05
3.10891882E-01  3.80192591E-06  2.85340560E-05
3.12221707E-01  1.12675749E-04  7.44936902E-05
3.13551475E-01  -2.50630147E-05  1.20990097E-04
3.14881185E-01  -1.55217481E-05  -4.36857687E-05
3.16210838E-01  9.68473231E-05  1.09946728E-04
3.17540432E-01  -1.05138365E-05  -1.91636987E-04
3.18869968E-01  3.07186535E-05  6.57670700E-05
3.20199446E-01  -3.92132287E-05  6.37447455E-05
3.21528865E-01  8.65063924E-05  6.78477303E-05
3.22858225E-01  1.17782967E-04  6.91445296E-05
3.24187526E-01  1.48594235E-04  7.86056544E-05
3.25516768E-01  4.33135461E-05  4.26827736E-05
3.26845949E-01  3.43609727E-05  9.43179777E-05
3.28175071E-01  -6.95367553E-05  7.22364299E-05
3.29504133E-01  8.74921239E-05  7.83545597E-05
3.30833134E-01  7.85547689E-05  2.23748273E-04
3.32162075E-01  -1.03286700E-05  -6.06370856E-05
3.33490955E-01  1.61491473E-04  6.95338543E-05
3.34819774E-01  3.81798313E-05  6.32466846E-05
3.36148531E-01  1.94708456E-05  -9.16138656E-05
3.37477227E-01  2.73210008E-05  3.76980620E-05
3.38805861E-01  1.13272823E-05  6.22662280E-05
3.40134433E-01  7.24809127E-05  1.13380815E-04
3.41462943E-01  -3.64763026E-05  6.31649028E-05
3.42791390E-01  -2.47215113E-05  3.06446980E-05
3.44119774E-01  1.14162394E-04  7.18677727E-05
3.45448095E-01  -1.32224926E-04  8.70177149E-05
3.46776353E-01  -1.09797235E-04  1.13447977E-04
3.48104548E-01  -1.32486518E-04  9.65989040E-05
3.49432679E-01  -8.28329241E-05  9.43869153E-05
3.50760746E-01  -1.37389614E-04  8.61859503E-05
3.52088749E-01  3.77275876E-05  4.50659488E-05
3.53416687E-01  1.23974038E-05  -1.25441974E-04
3.54744560E-01  -1.06103988E-04  7.53351048E-05
3.56072369E-01  -5.94930806E-06  2.88380126E-05
3.57400112E-01  2.57451781E-04  7.09398459E-05
3.58727791E-01  -7.87327439E-05  8.66197383E-05
3.60055403E-01  3.74411554E-05  6.27189635E-05
3.61382950E-01  -4.02302683E-05  4.33669013E-05
3.62710430E-01  1.09457386E-04  7.03437719E-05
3.64037844E-01  1.15985429E-08  -4.75617248E-08
3.65365192E-01  4.08573862E-05  4.25055749E-05
3.66692473E-01  1.70005230E-04  1.10280076E-04
3.68019686E-01  4.13843918E-05  1.67760559E-04
3.69346833E-01  -4.54740910E-05  1.79760664E-04
3.70673911E-01  4.13025889E-05  6.02460877E-05
3.72000922E-01  1.37151364E-04  9.11875154E-05
3.73327866E-01  -3.96179555E-05  1.58434206E-04
3.74654740E-01  -6.34300585E-05  4.92340014E-05
3.75981547E-01  5.65072326E-05  5.22130331E-05
3.77308284E-01  -1.53216041E-04  8.88016238E-05
3.78634953E-01  -2.19794866E-05  6.79561969E-05
3.79961552E-01  4.72828097E-05  4.70527652E-05
3.81288082E-01  1.42794056E-04  1.01079521E-04
3.82614543E-01  -5.71945991E-05  2.56597113E-04
3.83940933E-01  -1.62835580E-04  1.13804374E-04
3.85267254E-01  -3.02456876E-05  9.45247457E-05
3.86593504E-01  -4.24530355E-05  1.37105989E-04
3.87919683E-01  9.96642462E-05  1.10924410E-04
3.89245791E-01  -7.42642328E-05  5.52894760E-05
3.90571829E-01  -3.36556916E-05  7.99976911E-05
3.91897795E-01  7.24737530E-05  1.16768785E-04
3.93223690E-01  1.86663033E-05  1.53737766E-04
3.94549512E-01  -6.51136220E-05  1.18831418E-04
3.95875263E-01  -1.56256079E-04  2.05697780E-04
3.97200941E-01  -1.66823479E-05  -1.37511149E-04
3.98526547E-01  9.06764093E-05  1.38329775E-04
3.99852081E-01  1.74934924E-04  1.18395676E-04
4.01177541E-01  1.64080162E-04  9.52672217E-05
4.02502928E-01  8.16826085E-05  6.46998978E-05
4.03828242E-01  -8.82543904E-06  -2.63236914E-05
4.05153481E-01  2.70235949E-05  5.49521394E-05
4.06478647E-01  1.20059543E-04  7.29620645E-05
4.07803739E-01  -2.96981712E-07  2.64922501E-06
4.09128757E-01  1.53359210E-04  1.08193946E-04
4.10453700E-01  -4.72382442E-05  9.64128201E-05
4.11778568E-01  -1.47577713E-05  -2.95199820E-05
4.13103361E-01  -6.01431693E-06  -1.35070420E-05
4.14428078E-01  5.78684649E-05  1.03712129E-03
4.15752720E-01  -3.02311828E-05  -1.10448794E-04
4.17077287E-01  -7.87512927E-05  -8.59853326E-04
4.18401777E-01  -2.52173210E-04  1.03743505E-04
4.19726191E-01  5.13763577E-05  8.69840838E-05
4.21050528E-01  4.24896528E-05  5.98858962E-05
4.22374789E-01  -2.42367524E-05  3.81252678E-05
4.23698973E-01  -3.89052038E-05  5.11720889E-04
4.25023079E-01  -1.41177503E-04  1.04934860E-04
4.26347108E-01  -2.39214179E-04  1.03175144E-04
4.27671060E-01  2.45523941E-06  -5.06222576E-06
4.28994934E-01  -9.83786196E-05  1.55941591E-04
4.30318729E-01  -6.04040127E-05  7.68485520E-04
4.31642446E-01  -7.74674064E-05  2.50274730E-04
4.32966085E-01  1.95958614E-04  1.46313346E-04
4.34289644E-01  -1.26465705E-05  2.65988283E-05
4.35613125E-01  5.73974795E-05  7.24244369E-05
4.36936526E-01  -1.22365826E-04  1.29944149E-04
4.38259848E-01  1.91704045E-04  9.67315747E-05
4.39583090E-01  4.06343805E-06  5.19422952E-05
4.40906252E-01  -9.78906700E-06  2.67233927E-05
4.42229334E-01  -1.69796831E-04  1.52750031E-04
4.43552335E-01  1.04334397E-04  1.00175600E-04
4.44875255E-01  -2.14858444E-04  1.17950339E-04
4.46198095E-01  8.43346381E-05  9.63600690E-05
4.47520853E-01  -1.69230345E-04  9.47466256E-05
4.48843531E-01  -7.60485036E-05  2.28717264E-04
4.50166126E-01  2.40015050E-05  2.86858984E-05
4.51488640E-01  9.05917103E-05  1.45399415E-04
4.52811071E-01  4.52304264E-05  7.60210903E-05
4.54133420E-01  -8.31541829E-05  9.24234642E-05
4.55455687E-01  5.85689309E-05  1.38901300E-04
4.56777871E-01  8.33444330E-05  8.72305416E-05
4.58099971E-01  6.09432674E-06  1.12416638E-05
4.59421989E-01  -9.62999797E-05  1.05603161E-04
4.60743923E-01  -9.25314784E-05  2.06847944E-04
4.62065773E-01  -7.83595410E-05  1.38947784E-04
4.63387539E-01  1.09051292E-04  1.11762126E-04
4.64709222E-01  1.37877055E-04  8.86234738E-05
4.66030819E-01  1.80993342E-05  4.65806406E-05
4.67352332E-01  4.11053704E-05  6.03598257E-05
4.68673761E-01  8.91912164E-05  1.67045187E-04
4.69995104E-01  6.49494816E-05  1.53736418E-04
4.71316361E-01  1.11924704E-04  1.36152178E-04
4.72637534E-01  2.69187750E-04  1.24315469E-04
4.73958620E-01  6.70427546E-05  1.04764979E-04
4.75279620E-01  -1.11349759E-04  1.60533671E-04
4.76600534E-01  1.60287320E-04  1.74373328E-04
4.77921362E-01  -1.44714535E-05  1.57429642E-04
4.79242103E-01  7.94545354E-05  2.06907258E-04
4.80562757E-01  -1.42196619E-04  2.26954322E-04
4.81883323E-01  -3.19077576E-04  1.50614170E-04
4.83203803E-01  4.16246783E-04  1.46599508E-04
4.84524194E-01  6.44314647E-05  8.96237146E-05
4.85844498E-01  -5.16191349E-05  4.34778801E-05
4.87164714E-01  -4.77898371E-05  7.25182282E-04
4.88484841E-01  -4.59145542E-05  3.57868126E-04
4.89804880E-01  -9.20066536E-05  1.00745955E-04
4.91124830E-01  -1.43186026E-04  1.91518138E-04
4.92444691E-01  3.02199073E-04  2.30179926E-04
4.93764462E-01  2.94542371E-04  1.94269036E-04
4.95084144E-01  -4.39337598E-04  1.55903974E-04
4.96403737E-01  -1.10183199E-04  1.25940712E-04
4.97723239E-01  2.73447201E-04  1.49881033E-04
4.99042652E-01  2.31456185E-04  2.12601277E-04
5.00361973E-01  1.03041401E-04  5.55824148E-04
5.01681205E-01  1.03785536E-05  -5.65757322E-05
5.03000345E-01  1.93315674E-04  1.44999596E-04
5.04319394E-01  -1.55155062E-04  1.46217218E-04
5.05638352E-01  -4.85043081E-05  -1.37732271E-03
5.06957219E-01  -1.49354375E-04  1.98438449E-04
5.08275993E-01  2.70955457E-04  3.16447255E-04
5.09594676E-01  2.47696504E-04  1.66682363E-04
5.10913266E-01  1.72510782E-04  1.45232999E-04
5.12231764E-01  3.74465175E-04  3.37761772E-04
5.13550170E-01  4.18104967E-04  2.64492557E-04
5.14868482E-01  2.84378277E-04  1.90193004E-04
5.16186701E-01  -6.68514122E-05  8.05894216E-04
5.17504827E-01  -2.81028087E-05  -3.71449319E-04
5.18822859E-01  1.49408322E-05  1.49250338E-04
5.20140797E-01  -1.12209388E-04  4.42882918E-04
5.21458641E-01  -1.50877354E-04  1.05888168E-04
5.22776391E-01  -8.22412198E-05  1.48363692E-04
5.24094047E-01  -5.96744458E-05  7.46070197E-04
5.25411608E-01  3.66827096E-06  -1.51999058E-05
5.26729073E-01  4.17730853E-04  2.52339520E-04
5.28046444E-01  -4.52540448E-05  1.76264364E-04
5.29363719E-01  -4.50109622E-04  3.44549586E-04
5.30680898E-01  -1.08069088E-04  1.30937153E-03
5.31997982E-01  3.24779305E-04  2.33607179E-04
5.33314969E-01  4.46511318E-04  3.31882392E-04
5.34631861E-01  3.33174607E-04  2.35156972E-04
5.35948655E-01  1.72950603E-04  2.51334620E-04
5.37265353E-01  -1.20333563E-04  1.76219787E-04
5.38581954E-01  -1.04901375E-04  3.51639645E-04
5.39898457E-01  -2.90191807E-04  2.49609732E-04
5.41214863E-01  -5.70329862E-05  -6.51351417E-04
5.42531172E-01  -4.51654629E-04  2.95962738E-04
5.43847382E-01  2.92150570E-04  3.46560037E-04
5.45163494E-01  -2.06114997E-04  2.76461112E-04
5.46479508E-01  4.51039616E-04  3.79783879E-04
5.47795424E-01  5.78803908E-04  4.11321690E-04
5.49111240E-01  -9.85231746E-05  -2.39507686E-04
5.50426957E-01  -2.38459360E-04  6.41673426E-04
5.51742576E-01  -5.73054088E-04  3.96185671E-04
5.53058094E-01  5.87666149E-04  4.11601947E-04
5.54373513E-01  3.64246957E-04  4.15656345E-04
5.55688832E-01  8.00531697E-05  1.21505504E-04
5.57004051E-01  5.19819875E-05  1.16514389E-04
5.58319169E-01  4.69936268E-04  6.69159712E-04
5.59634187E-01  6.59393419E-04  8.41863998E-04
5.60949104E-01  1.65098110E-04  6.59542413E-04
5.62263920E-01  6.14173328E-04  4.59395173E-04
5.63578635E-01  -2.27641757E-04  2.02162616E-04
5.64893248E-01  4.77940230E-04  3.19858777E-04
5.66207759E-01  -5.08561343E-04  6.52237967E-04
5.67522168E-01  5.32047626E-04  5.80309646E-04
5.68836475E-01  4.93488511E-04  5.10265986E-04
5.70150680E-01  2.43568127E-04  6.77435020E-04
5.71464782E-01  -1.62133501E-04  2.31902569E-04
5.72778781E-01  -6.15469458E-05  1.32678040E-04
5.74092677E-01  -5.95800208E-04  8.61205220E-04
5.75406470E-01  2.44363792E-04  5.31008420E-04
5.76720159E-01  9.46831415E-05  -1.09262461E-03
5.78033745E-01  -2.50038092E-04  7.58601946E-04
5.79347226E-01  1.38342540E-03  1.65652293E-03
5.80660603E-01  1.22132797E-03  -2.03179727E-02


### HEADER:
#
#{
#    "analysis": {},
#    "filename": "S_02489_A1_BSA_10_064_c.dat",
#    "history": {
#        "baseline_correction": {
#            "initial_file": [
#                "S_02489_A1_BSA_10_064_c.dat",
#                {
#                    "subtraction": {
#                        "initial_file": [
#                            "02489_A1_BSA_10_064_c.dat"
#                        ],
#                        "subtracted_file": [
#                            "A_02489_A1_BSA_10_225_c.dat",
#                            {
#                                "averaged_files": [
#                                    [
#                                        "02489_A1_BSA_10_225_c.dat"
#                                    ],
#                                    [
#                                        "02489_A1_BSA_10_226_c.dat"
#                                    ],
#                                    [
#                                        "02489_A1_BSA_10_227_c.dat"
#                                    ],
#                                    [
#                                        "02489_A1_BSA_10_228_c.dat"
#                                    ],
#                                    [
#                                        "02489_A1_BSA_10_229_c.dat"
#                                    ],
#                                    [
#                                        "02489_A1_BSA_10_230_c.dat"
#                                    ],
#                                    [
#                                        "02489_A1_BSA_10_231_c.dat"
#                                    ],
#                                    [
#                                        "02489_A1_BSA_10_232_c.dat"
#                                    ],
#                                    [
#                                        "02489_A1_BSA_10_233_c.dat"
#                                    ],
#                                    [
#                                        "02489_A1_BSA_10_234_c.dat"
#                                    ],
#                                    [
#                                        "02489_A1_BSA_10_235_c.dat"
#                                    ],
#                                    [
#                                        "02489_A1_BSA_10_236_c.dat"
#                                    ],
#                                    [
#                                        "02489_A1_BSA_10_237_c.dat"
#                                    ],
#                                    [
#                                        "02489_A1_BSA_10_238_c.dat"
#                                    ],
#                                    [
#                                        "02489_A1_BSA_10_239_c.dat"
#                                    ],
#                                    [
#                                        "02489_A1_BSA_10_240_c.dat"
#                                    ],
#                                    [
#                                        "02489_A1_BSA_10_241_c.dat"
#                                    ],
#                                    [
#                                        "02489_A1_BSA_10_242_c.dat"
#                                    ],
#                                    [
#                                        "02489_A1_BSA_10_243_c.dat"
#                                    ]
#                                ]
#                            }
#                        ]
#                    }
#                }
#            ],
#            "type": "Linear"
#        }
#    }
#}

