### DATA:
#
# 430
#      Q             I(Q)           Error     
1.06922151E-02  4.46574370E-03  4.54625387E-03
1.20287357E-02  3.01416497E-03  4.30410002E-03
1.33652541E-02  3.22632383E-03  1.54252790E-03
1.47017700E-02  2.25151243E-03  9.85318744E-04
1.60382831E-02  3.43568523E-03  7.91952794E-04
1.73747933E-02  2.90635771E-03  6.15075368E-04
1.87113003E-02  2.32367522E-03  5.58793461E-04
2.00478039E-02  3.51515840E-03  5.89381189E-04
2.13843037E-02  3.41664699E-03  5.35842513E-04
2.27207996E-02  2.88389348E-03  4.92616146E-04
2.40572913E-02  2.30642803E-03  4.06615549E-04
2.53937785E-02  2.10915123E-03  3.68907693E-04
2.67302610E-02  2.69956443E-03  3.80724117E-04
2.80667386E-02  2.57174867E-03  3.46422977E-04
2.94032110E-02  1.50213759E-03  2.95370886E-04
3.07396780E-02  2.17562681E-03  3.34798034E-04
3.20761393E-02  1.63541162E-03  2.97341306E-04
3.34125946E-02  1.65390439E-03  2.59033279E-04
3.47490438E-02  1.78770660E-03  2.67140630E-04
3.60854865E-02  1.59880767E-03  2.56956352E-04
3.74219226E-02  2.02600958E-03  2.69296601E-04
3.87583518E-02  1.85054686E-03  2.52056905E-04
4.00947738E-02  1.53723946E-03  2.38466893E-04
4.14311883E-02  1.88796325E-03  2.76535365E-04
4.27675953E-02  1.05515823E-03  2.50146801E-04
4.41039943E-02  1.24203561E-03  2.21354703E-04
4.54403851E-02  1.35164030E-03  2.05358072E-04
4.67767676E-02  9.90357251E-04  2.03516133E-04
4.81131414E-02  1.15473644E-03  2.09214596E-04
4.94495063E-02  6.97384363E-04  1.98720073E-04
5.07858621E-02  1.08539245E-03  2.07883542E-04
5.21222085E-02  1.38643234E-03  2.07781626E-04
5.34585452E-02  1.18382404E-03  1.87707311E-04
5.47948721E-02  8.84701538E-04  1.88729653E-04
5.61311889E-02  7.88026044E-04  1.89624277E-04
5.74674952E-02  6.40290139E-04  1.93601396E-04
5.88037910E-02  5.83849748E-04  1.75501670E-04
6.01400758E-02  6.96314019E-04  1.86118031E-04
6.14763496E-02  7.45799555E-04  1.89060074E-04
6.28126120E-02  6.73732339E-04  1.72993008E-04
6.41488628E-02  7.44131682E-04  1.71120526E-04
6.54851017E-02  5.59478834E-04  1.59889231E-04
6.68213285E-02  5.51634537E-04  1.61714931E-04
6.81575430E-02  5.60135355E-04  1.52198523E-04
6.94937449E-02  1.22773766E-04  2.83383365E-04
7.08299339E-02  5.09014441E-04  1.97508815E-04
7.21661098E-02  5.02563779E-04  1.58793708E-04
7.35022724E-02  6.13197116E-04  1.64680007E-04
7.48384215E-02  4.11139087E-04  1.60780934E-04
7.61745566E-02  1.56555107E-04  1.49255835E-04
7.75106778E-02  4.34473675E-04  1.59520443E-04
7.88467845E-02  4.49120020E-04  1.56773485E-04
8.01828767E-02  1.45885954E-04  2.84096391E-04
8.15189541E-02  -2.97627760E-05  -8.63306901E-05
8.28550165E-02  4.62400650E-04  1.46694264E-04
8.41910635E-02  1.26054512E-04  1.31402503E-04
8.55270949E-02  8.63039092E-05  7.04810075E-05
8.68631106E-02  5.18579393E-04  1.78520997E-04
8.81991102E-02  2.71886198E-04  1.95136614E-04
8.95350935E-02  5.12989688E-05  8.85548327E-05
9.08710603E-02  1.43950435E-04  1.68209803E-04
9.22070102E-02  2.87876536E-04  1.91755550E-04
9.35429432E-02  3.76890097E-04  1.77413017E-04
9.48788588E-02  6.76306181E-05  3.13423037E-04
9.62147569E-02  3.04075926E-04  1.63119290E-04
9.75506373E-02  2.53780245E-04  1.79588417E-04
9.88864996E-02  2.74527962E-04  1.55533795E-04
1.00222344E-01  3.28203955E-04  1.83016885E-04
1.01558169E-01  3.06490168E-04  1.40262578E-04
1.02893976E-01  2.47319347E-05  -1.75356516E-04
1.04229764E-01  5.57479332E-05  1.67282686E-04
1.05565532E-01  3.57366741E-04  1.28060419E-04
1.06901281E-01  5.63805315E-06  -1.17647255E-04
1.08237011E-01  1.28131418E-04  1.24807494E-04
1.09572720E-01  9.56128010E-05  1.54380490E-04
1.10908409E-01  1.60299672E-04  1.55141243E-04
1.12244077E-01  2.30936923E-04  1.37580988E-04
1.13579725E-01  -4.31283473E-05  3.68091336E-04
1.14915352E-01  1.33127175E-04  1.92727892E-04
1.16250958E-01  2.39468547E-04  1.37069619E-04
1.17586542E-01  1.06126593E-04  8.52983395E-05
1.18922104E-01  1.51601510E-04  9.38462730E-05
1.20257645E-01  1.74521359E-04  1.16504556E-04
1.21593163E-01  6.87095322E-05  8.01576694E-05
1.22928659E-01  3.09969954E-04  1.24345592E-04
1.24264132E-01  -8.60302554E-05  2.88430966E-04
1.25599582E-01  -2.52153247E-04  1.17760818E-04
1.26935009E-01  1.87951147E-04  1.10714428E-04
1.28270412E-01  2.20214763E-04  1.52944796E-04
1.29605792E-01  1.96426610E-04  1.28688338E-04
1.30941148E-01  1.93215724E-04  1.74717412E-04
1.32276480E-01  2.79398564E-05  4.17910546E-05
1.33611787E-01  2.95688495E-04  1.10608788E-04
1.34947070E-01  7.12813616E-06  -3.48696927E-05
1.36282327E-01  2.58166895E-05  1.22435585E-04
1.37617560E-01  -1.32467999E-05  -2.51918952E-05
1.38952767E-01  3.50384430E-05  4.66938050E-05
1.40287948E-01  -1.68179442E-04  1.89555942E-04
1.41623104E-01  5.00037524E-05  1.12757667E-04
1.42958234E-01  4.32928818E-05  6.80734596E-05
1.44293337E-01  -8.74204305E-06  9.00909819E-05
1.45628413E-01  2.87269872E-04  1.21420039E-04
1.46963463E-01  1.29530408E-04  1.22634220E-04
1.48298485E-01  -4.87804973E-05  3.52425600E-04
1.49633480E-01  -2.87506819E-05  3.64790280E-04
1.50968447E-01  -3.58173326E-05  7.56767056E-05
1.52303387E-01  9.99563412E-05  1.00404751E-04
1.53638298E-01  -1.03594689E-04  1.16998309E-04
1.54973182E-01  2.84463224E-05  5.82495007E-05
1.56308036E-01  1.79537735E-04  1.39540502E-04
1.57642862E-01  -1.12040414E-04  1.55151292E-04
1.58977658E-01  -2.44574893E-05  -1.02815275E-04
1.60312426E-01  1.93341753E-04  1.51844848E-04
1.61647163E-01  4.03822136E-05  1.00387393E-04
1.62981871E-01  2.55089930E-04  1.23514970E-04
1.64316549E-01  2.75636873E-04  1.05108423E-04
1.65651196E-01  4.49424133E-05  5.29292073E-05
1.66985813E-01  7.39501610E-05  1.30301557E-04
1.68320399E-01  -1.43496973E-04  1.43131880E-04
1.69654954E-01  3.05569962E-05  7.85583257E-05
1.70989478E-01  2.68309784E-04  1.12626125E-04
1.72323970E-01  -4.37763263E-05  8.59678715E-05
1.73658431E-01  1.55444105E-04  1.04612717E-04
1.74992859E-01  -1.27947362E-04  1.25681269E-04
1.76327255E-01  1.55043450E-04  1.02567278E-04
1.77661619E-01  -1.40348271E-04  1.02981322E-04
1.78995950E-01  7.18237255E-05  9.54304882E-05
1.80330247E-01  1.13734873E-04  1.18389646E-04
1.81664512E-01  1.75897088E-04  8.14562002E-05
1.82998743E-01  2.34796881E-04  9.08387195E-05
1.84332940E-01  9.97513326E-05  1.03516400E-04
1.85667104E-01  -3.84761644E-06  -3.54399002E-05
1.87001233E-01  -4.87553387E-06  -2.96787803E-03
1.88335327E-01  5.53907381E-05  9.52318959E-05
1.89669387E-01  3.71589315E-06  2.56866183E-05
1.91003412E-01  2.02492697E-04  9.73374062E-05
1.92337402E-01  3.87766631E-05  1.01938804E-04
1.93671356E-01  1.92674784E-04  9.63335208E-05
1.95005275E-01  1.90871304E-04  1.07401289E-04
1.96339157E-01  2.42243725E-04  1.27637173E-04
1.97673004E-01  1.41953347E-04  8.94047505E-05
1.99006814E-01  -5.56356128E-05  1.21850167E-04
2.00340587E-01  -4.44903864E-05  8.36056385E-05
2.01674324E-01  5.52058682E-05  6.18340570E-04
2.03008023E-01  8.05810441E-05  1.41362145E-04
2.04341685E-01  7.71813688E-05  9.47588198E-05
2.05675309E-01  1.60529087E-04  1.16094915E-04
2.07008895E-01  -3.26877659E-05  5.33167776E-05
2.08342443E-01  2.02354932E-04  1.22812663E-04
2.09675953E-01  -1.15861922E-05  -7.31750301E-04
2.11009424E-01  1.38951100E-04  1.48327058E-04
2.12342856E-01  1.46406326E-05  -1.85030280E-03
2.13676249E-01  -9.51814729E-05  1.06635793E-04
2.15009603E-01  -2.31100946E-05  1.09565355E-03
2.16342917E-01  6.43686993E-05  6.58227259E-05
2.17676192E-01  1.19863141E-04  9.17092660E-05
2.19009426E-01  -1.10528961E-04  1.07117984E-04
2.20342620E-01  1.21900866E-05  6.51125416E-05
2.21675773E-01  5.71248016E-05  1.65211108E-04
2.23008885E-01  7.08632304E-05  5.64202302E-05
2.24341957E-01  3.18834239E-05  -1.29623765E-04
2.25674987E-01  1.28913567E-04  8.04458145E-05
2.27007976E-01  7.76182178E-05  1.17280798E-04
2.28340922E-01  1.06463741E-04  7.82321496E-05
2.29673827E-01  5.45301832E-05  9.82298781E-05
2.31006689E-01  -1.33893153E-04  8.63311624E-05
2.32339509E-01  2.50385325E-05  3.94606287E-05
2.33672286E-01  1.44077215E-04  7.41589950E-05
2.35005021E-01  2.74874025E-04  7.37514266E-05
2.36337711E-01  7.89892364E-06  4.42688465E-05
2.37670359E-01  3.53967185E-05  9.73477041E-05
2.39002962E-01  1.44461976E-04  8.66331948E-05
2.40335522E-01  -1.77403352E-04  7.63855244E-05
2.41668037E-01  -3.82585120E-06  -1.83157922E-05
2.43000508E-01  1.33451105E-04  9.71485054E-05
2.44332934E-01  1.61872604E-04  9.31080407E-05
2.45665316E-01  8.09585731E-05  1.22386900E-04
2.46997652E-01  -2.68568883E-05  -4.34221101E-04
2.48329942E-01  5.12589837E-05  6.89888788E-05
2.49662187E-01  1.07531588E-04  8.98020194E-05
2.50994386E-01  3.28272952E-05  5.48162100E-05
2.52326539E-01  8.36567007E-05  6.54710298E-05
2.53658646E-01  -1.30705267E-04  7.99206928E-05
2.54990705E-01  3.69475008E-05  3.93974608E-05
2.56322718E-01  3.44442496E-05  2.75024472E-05
2.57654684E-01  4.31133960E-05  7.70142247E-05
2.58986602E-01  -4.04573903E-05  2.63760427E-04
2.60318473E-01  1.72393738E-04  9.62704082E-05
2.61650296E-01  3.41738324E-05  1.65833456E-04
2.62982071E-01  -6.09219835E-05  3.83216828E-04
2.64313797E-01  5.05813646E-05  4.26655917E-05
2.65645475E-01  1.41281997E-04  7.86386485E-05
2.66977104E-01  1.01953930E-04  1.12488981E-04
2.68308684E-01  7.19841287E-05  9.96139814E-05
2.69640214E-01  3.78764975E-05  1.19955028E-04
2.70971695E-01  1.29513330E-05  4.03270401E-05
2.72303126E-01  -1.61172756E-04  7.94763904E-05
2.73634508E-01  6.04510582E-05  4.56034155E-05
2.74965838E-01  1.51517830E-04  8.70726641E-05
2.76297119E-01  2.09968675E-04  7.51795687E-05
2.77628348E-01  6.16124361E-05  6.21405214E-05
2.78959527E-01  3.29388012E-05  7.73583983E-05
2.80290654E-01  5.56051377E-05  9.17539664E-05
2.81621730E-01  -7.92059894E-05  7.87217171E-05
2.82952754E-01  1.56981775E-04  7.61975431E-05
2.84283726E-01  1.19827335E-04  7.85106913E-05
2.85614646E-01  3.68130850E-05  4.99456404E-05
2.86945514E-01  1.11867897E-04  1.07087891E-04
2.88276328E-01  2.28729243E-04  8.34744262E-05
2.89607090E-01  1.85957990E-06  4.53172841E-06
2.90937799E-01  9.49173959E-05  1.33674424E-04
2.92268454E-01  1.94571236E-05  6.54800756E-05
2.93599055E-01  -1.47100510E-06  -8.74223828E-06
2.94929603E-01  9.48103679E-05  6.34653973E-05
2.96260097E-01  -2.83033540E-05  9.76160534E-05
2.97590536E-01  9.53361203E-05  7.42788219E-05
2.98920920E-01  2.57626896E-04  7.37071675E-05
3.00251250E-01  -1.48924081E-06  -2.64805421E-06
3.01581524E-01  1.28300435E-04  8.55711440E-05
3.02911743E-01  1.25642106E-04  1.52889470E-04
3.04241907E-01  6.16295330E-05  7.38141180E-05
3.05572015E-01  1.18274846E-04  7.75537282E-05
3.06902066E-01  3.29499435E-05  9.62460231E-05
3.08232062E-01  -1.83494533E-05  1.08021599E-04
3.09562000E-01  8.66423051E-05  8.51957477E-05
3.10891882E-01  6.28747790E-05  8.16524167E-05
3.12221707E-01  1.90154129E-05  7.10164276E-05
3.13551475E-01  5.73117595E-05  7.62221688E-05
3.14881185E-01  -7.65641745E-05  1.60976694E-04
3.16210838E-01  1.29254423E-05  -7.28614058E-05
3.17540432E-01  -7.01793618E-05  9.34694875E-05
3.18869968E-01  9.14476441E-05  7.47051756E-05
3.20199446E-01  -1.80425042E-05  5.25708059E-05
3.21528865E-01  1.71313783E-04  7.55521460E-05
3.22858225E-01  1.54082723E-04  6.73498978E-05
3.24187526E-01  8.01356133E-05  7.79557049E-05
3.25516768E-01  1.01974456E-04  6.22451033E-05
3.26845949E-01  9.52033286E-05  9.21707241E-05
3.28175071E-01  1.57125172E-06  -1.56082608E-05
3.29504133E-01  6.40927234E-05  7.69932432E-05
3.30833134E-01  4.26995314E-05  -3.39770578E-04
3.32162075E-01  -6.63173708E-06  -3.08601644E-05
3.33490955E-01  1.23338228E-04  6.78158866E-05
3.34819774E-01  5.29283302E-05  6.85207675E-05
3.36148531E-01  1.85971908E-04  1.02565911E-04
3.37477227E-01  -1.09717928E-04  1.03883671E-04
3.38805861E-01  -2.47936056E-05  7.04781826E-05
3.40134433E-01  1.98702400E-04  9.21854303E-05
3.41462943E-01  4.46325046E-05  9.87726907E-05
3.42791390E-01  7.21918754E-05  1.97322237E-04
3.44119774E-01  1.71871123E-05  5.60143129E-05
3.45448095E-01  1.55903597E-04  7.82054758E-05
3.46776353E-01  2.16857463E-05  3.13691442E-05
3.48104548E-01  1.11886454E-05  2.94149022E-05
3.49432679E-01  1.57118062E-04  7.90285993E-05
3.50760746E-01  -4.17891243E-05  9.28970206E-05
3.52088749E-01  -2.03379373E-05  -1.85448638E-04
3.53416687E-01  1.13658450E-04  1.04566461E-04
3.54744560E-01  8.57310224E-05  9.47768878E-05
3.56072369E-01  6.89598165E-05  1.19426635E-04
3.57400112E-01  6.26971099E-05  5.01807090E-05
3.58727791E-01  -1.78306631E-04  8.35432343E-05
3.60055403E-01  -1.71350075E-06  -3.43476205E-05
3.61382950E-01  -8.46722513E-05  5.51744148E-05
3.62710430E-01  5.59041637E-05  6.58224656E-05
3.64037844E-01  -6.03658082E-05  5.76788408E-05
3.65365192E-01  3.36787323E-05  3.83532246E-05
3.66692473E-01  2.16689247E-05  -1.42075459E-04
3.68019686E-01  8.81225826E-05  1.18707423E-04
3.69346833E-01  4.57642392E-05  6.37496683E-05
3.70673911E-01  7.97345338E-05  7.63965972E-05
3.72000922E-01  4.19508808E-05  1.00208192E-04
3.73327866E-01  2.62611059E-05  5.76883251E-05
3.74654740E-01  -2.43434223E-05  2.72237422E-05
3.75981547E-01  -6.70345571E-05  2.13793128E-04
3.77308284E-01  -2.23391209E-05  7.51676732E-05
3.78634953E-01  -2.66965388E-06  1.99340928E-05
3.79961552E-01  6.97399399E-05  6.01013124E-05
3.81288082E-01  2.21459604E-04  9.34207187E-05
3.82614543E-01  3.56760412E-05  5.24892583E-05
3.83940933E-01  -6.35247857E-05  1.66258803E-04
3.85267254E-01  6.65464550E-06  -1.13165153E-03
3.86593504E-01  7.44150257E-05  8.68044823E-05
3.87919683E-01  -8.59595589E-05  7.79670921E-05
3.89245791E-01  2.19036352E-04  1.31864274E-04
3.90571829E-01  1.67265190E-04  1.05693133E-04
3.91897795E-01  1.25068883E-04  1.17031306E-04
3.93223690E-01  1.33505852E-05  3.36392898E-04
3.94549512E-01  -9.66274464E-05  1.01244554E-04
3.95875263E-01  4.95278697E-05  3.79629244E-05
3.97200941E-01  -2.55669304E-05  7.78695221E-04
3.98526547E-01  2.15908918E-04  1.15844138E-04
3.99852081E-01  9.78067017E-05  1.28179546E-04
4.01177541E-01  2.06786245E-04  9.67812805E-05
4.02502928E-01  7.59535242E-05  6.43383205E-05
4.03828242E-01  9.08256012E-05  6.64074170E-05
4.05153481E-01  -2.74920780E-05  2.26091288E-04
4.06478647E-01  9.55292317E-05  6.90465007E-05
4.07803739E-01  3.88977981E-04  1.09538090E-04
4.09128757E-01  -9.57541507E-05  9.01088991E-05
4.10453700E-01  2.53255354E-04  1.06996270E-04
4.11778568E-01  -8.07483997E-05  3.21438687E-04
4.13103361E-01  1.99501379E-04  8.14494753E-05
4.14428078E-01  1.09179939E-04  2.10492480E-04
4.15752720E-01  5.13443552E-05  5.06871246E-05
4.17077287E-01  3.08299369E-05  2.85137129E-05
4.18401777E-01  7.82365820E-05  1.06913798E-04
4.19726191E-01  -1.66925723E-04  1.04380704E-04
4.21050528E-01  -7.99711120E-05  1.57743483E-04
4.22374789E-01  2.75135463E-04  1.21497692E-04
4.23698973E-01  -7.06388215E-05  1.69556756E-04
4.25023079E-01  2.72369869E-05  1.49645107E-04
4.26347108E-01  6.67841511E-05  1.12730783E-04
4.27671060E-01  4.55877938E-05  -4.55899191E-04
4.28994934E-01  -9.50471948E-05  1.38960736E-04
4.30318729E-01  -1.01177368E-05  -2.95642411E-05
4.31642446E-01  -1.40435010E-04  1.44680196E-04
4.32966085E-01  -1.01624403E-04  7.16968613E-05
4.34289644E-01  1.84191029E-04  1.38165809E-04
4.35613125E-01  5.45875637E-05  7.89001774E-05
4.36936526E-01  2.50992513E-04  1.09306505E-04
4.38259848E-01  -1.67699531E-04  1.23783383E-04
4.39583090E-01  2.08543702E-06  4.98389825E-05
4.40906252E-01  6.19015290E-05  2.80400728E-04
4.42229334E-01  1.73311738E-05  3.80125882E-05
4.43552335E-01  1.02170119E-04  1.04156131E-04
4.44875255E-01  1.09419843E-04  1.02295269E-04
4.46198095E-01  -7.42656944E-05  1.21342052E-04
4.47520853E-01  1.18178622E-04  1.54342851E-04
4.48843531E-01  6.56581853E-06  1.82602114E-05
4.50166126E-01  1.22783944E-04  7.59751017E-05
4.51488640E-01  5.94928270E-05  2.16395687E-04
4.52811071E-01  1.72650998E-04  1.11448362E-04
4.54133420E-01  1.04470275E-05  -7.40514926E-05
4.55455687E-01  8.30373269E-05  1.27758044E-04
4.56777871E-01  1.73520770E-05  5.68556089E-05
4.58099971E-01  -1.24391875E-04  1.84255206E-04
4.59421989E-01  1.87363317E-04  1.33478965E-04
4.60743923E-01  1.81814467E-04  9.89731306E-05
4.62065773E-01  2.51214693E-04  1.19709034E-04
4.63387539E-01  3.11761509E-04  1.16521620E-04
4.64709222E-01  -1.83520126E-04  1.45749151E-04
4.66030819E-01  -5.95229460E-05  2.60900734E-04
4.67352332E-01  9.28508849E-05  8.82411524E-05
4.68673761E-01  8.06789605E-05  1.62242225E-04
4.69995104E-01  1.17088758E-04  1.50943914E-04
4.71316361E-01  2.12616522E-04  1.47566937E-04
4.72637534E-01  1.44169639E-04  1.14081691E-04
4.73958620E-01  9.65472767E-05  1.14598668E-04
4.75279620E-01  1.30893182E-05  9.84437908E-05
4.76600534E-01  1.82334971E-04  1.81131456E-04
4.77921362E-01  1.12224585E-04  1.41379837E-04
4.79242103E-01  9.08956102E-05  2.05147134E-04
4.80562757E-01  1.30106358E-04  1.03763582E-04
4.81883323E-01  2.64210585E-05  1.36182368E-04
4.83203803E-01  4.35917287E-05  9.64099284E-05
4.84524194E-01  1.09285746E-04  1.11206571E-04
4.85844498E-01  1.21730259E-04  -1.26498461E-03
4.87164714E-01  3.76007287E-04  1.45886039E-04
4.88484841E-01  -2.84531948E-05  4.98557109E-03
4.89804880E-01  2.64161855E-04  2.06454428E-04
4.91124830E-01  -4.12383673E-05  2.19473030E-04
4.92444691E-01  8.81659852E-05  4.41610944E-04
4.93764462E-01  3.54729234E-04  1.89792954E-04
4.95084144E-01  -4.58912347E-05  1.09378220E-04
4.96403737E-01  9.84330164E-05  2.78392172E-04
4.97723239E-01  -1.85421914E-04  2.87636543E-04
4.99042652E-01  4.07547209E-05  4.37909504E-04
5.00361973E-01  -4.81597649E-05  7.42960421E-05
5.01681205E-01  2.63102781E-04  2.45474803E-04
5.03000345E-01  6.17963213E-05  1.16080997E-04
5.04319394E-01  -1.10988150E-04  1.43618417E-04
5.05638352E-01  6.74793783E-05  1.33592296E-04
5.06957219E-01  -8.81635847E-05  2.14092600E-04
5.08275993E-01  -2.99165332E-04  1.51800628E-04
5.09594676E-01  3.39385938E-04  1.81687432E-04
5.10913266E-01  -1.12534268E-04  5.26749980E-04
5.12231764E-01  1.66589291E-04  7.25754584E-04
5.13550170E-01  1.57758982E-04  4.71712364E-04
5.14868482E-01  1.75626898E-04  1.89339555E-04
5.16186701E-01  -4.87925903E-05  7.93814134E-03
5.17504827E-01  3.58564345E-04  2.05728897E-04
5.18822859E-01  3.13194550E-04  2.29493232E-04
5.20140797E-01  2.50151480E-05  7.75708105E-05
5.21458641E-01  3.66891044E-04  4.35300770E-04
5.22776391E-01  6.71735801E-05  1.57693336E-03
5.24094047E-01  -1.33709961E-04  2.94020327E-04
5.25411608E-01  -1.36554833E-04  1.52103310E-04
5.26729073E-01  2.89768265E-04  2.52592323E-04
5.28046444E-01  -2.53131728E-04  2.02400069E-04
5.29363719E-01  3.21832123E-04  1.82048146E-04
5.30680898E-01  -5.95592979E-05  -1.07981360E-03
5.31997982E-01  2.38416444E-04  2.78361974E-04
5.33314969E-01  4.95034703E-04  3.01436424E-04
5.34631861E-01  7.05137509E-05  1.56081571E-04
5.35948655E-01  4.77962210E-04  3.05348086E-04
5.37265353E-01  1.23340916E-04  9.40786779E-04
5.38581954E-01  4.83596344E-04  3.18747643E-04
5.39898457E-01  -3.56231776E-04  2.57865209E-04
5.41214863E-01  -1.96833598E-04  5.26701918E-04
5.42531172E-01  1.53216021E-04  3.50319556E-04
5.43847382E-01  -8.13099109E-05  7.46034318E-04
5.45163494E-01  2.60538664E-04  4.41099564E-04
5.46479508E-01  1.94965682E-04  4.85493916E-04
5.47795424E-01  8.61474340E-04  4.66639829E-04
5.49111240E-01  3.02292919E-04  1.97982787E-04
5.50426957E-01  4.78894936E-04  3.46764713E-04
5.51742576E-01  5.04815251E-04  3.83166186E-04
5.53058094E-01  3.26942444E-04  3.09170550E-04
5.54373513E-01  2.48086640E-04  4.09980634E-04
5.55688832E-01  1.43214111E-05  3.05919351E-05
5.57004051E-01  -1.12868841E-04  -6.43789154E-03
5.58319169E-01  -2.48313582E-05  5.26746687E-05
5.59634187E-01  5.98403673E-04  8.02615885E-04
5.60949104E-01  1.25722717E-03  5.20562925E-04
5.62263920E-01  9.61116951E-04  4.70188242E-04
5.63578635E-01  7.89610704E-04  8.46141592E-04
5.64893248E-01  -2.73430302E-04  -2.03745171E-03
5.66207759E-01  -2.78204266E-04  6.76949821E-04
5.67522168E-01  -1.17430999E-03  5.42210008E-04
5.68836475E-01  9.68366731E-05  3.02770022E-04
5.70150680E-01  1.26029256E-03  7.55248652E-04
5.71464782E-01  -4.00198870E-04  2.78632026E-04
5.72778781E-01  4.90296837E-06  -1.83294168E-05
5.74092677E-01  8.85083476E-04  8.00982589E-04
5.75406470E-01  -5.77603732E-04  8.29824556E-04
5.76720159E-01  8.30742334E-04  1.23389907E-03
5.78033745E-01  2.41955354E-04  9.68425967E-04
5.79347226E-01  -1.44858556E-03  5.46261550E-04
5.80660603E-01  -6.29836557E-04  2.30182577E-04


### HEADER:
#
#{
#    "analysis": {},
#    "filename": "S_02489_A1_BSA_10_095_c.dat",
#    "history": {
#        "baseline_correction": {
#            "initial_file": [
#                "S_02489_A1_BSA_10_095_c.dat",
#                {
#                    "subtraction": {
#                        "initial_file": [
#                            "02489_A1_BSA_10_095_c.dat"
#                        ],
#                        "subtracted_file": [
#                            "A_02489_A1_BSA_10_225_c.dat",
#                            {
#                                "averaged_files": [
#                                    [
#                                        "02489_A1_BSA_10_225_c.dat"
#                                    ],
#                                    [
#                                        "02489_A1_BSA_10_226_c.dat"
#                                    ],
#                                    [
#                                        "02489_A1_BSA_10_227_c.dat"
#                                    ],
#                                    [
#                                        "02489_A1_BSA_10_228_c.dat"
#                                    ],
#                                    [
#                                        "02489_A1_BSA_10_229_c.dat"
#                                    ],
#                                    [
#                                        "02489_A1_BSA_10_230_c.dat"
#                                    ],
#                                    [
#                                        "02489_A1_BSA_10_231_c.dat"
#                                    ],
#                                    [
#                                        "02489_A1_BSA_10_232_c.dat"
#                                    ],
#                                    [
#                                        "02489_A1_BSA_10_233_c.dat"
#                                    ],
#                                    [
#                                        "02489_A1_BSA_10_234_c.dat"
#                                    ],
#                                    [
#                                        "02489_A1_BSA_10_235_c.dat"
#                                    ],
#                                    [
#                                        "02489_A1_BSA_10_236_c.dat"
#                                    ],
#                                    [
#                                        "02489_A1_BSA_10_237_c.dat"
#                                    ],
#                                    [
#                                        "02489_A1_BSA_10_238_c.dat"
#                                    ],
#                                    [
#                                        "02489_A1_BSA_10_239_c.dat"
#                                    ],
#                                    [
#                                        "02489_A1_BSA_10_240_c.dat"
#                                    ],
#                                    [
#                                        "02489_A1_BSA_10_241_c.dat"
#                                    ],
#                                    [
#                                        "02489_A1_BSA_10_242_c.dat"
#                                    ],
#                                    [
#                                        "02489_A1_BSA_10_243_c.dat"
#                                    ]
#                                ]
#                            }
#                        ]
#                    }
#                }
#            ],
#            "type": "Linear"
#        }
#    }
#}

