### DATA:
#
# 430
#      Q             I(Q)           Error     
1.06922151E-02  1.12161445E-02  2.99045785E-03
1.20287357E-02  5.71256626E-03  4.42371394E-03
1.33652541E-02  8.25974382E-03  2.07912247E-03
1.47017700E-02  9.60293051E-03  1.27389981E-03
1.60382831E-02  9.07996835E-03  9.28124205E-04
1.73747933E-02  9.19173371E-03  7.61499000E-04
1.87113003E-02  9.30599942E-03  6.87097542E-04
2.00478039E-02  8.85120818E-03  7.27867233E-04
2.13843037E-02  7.73299622E-03  5.97545995E-04
2.27207996E-02  7.19557884E-03  4.94986461E-04
2.40572913E-02  7.53747323E-03  5.26305041E-04
2.53937785E-02  6.61775576E-03  5.13483736E-04
2.67302610E-02  6.97711816E-03  4.34714628E-04
2.80667386E-02  7.31844371E-03  4.17872419E-04
2.94032110E-02  5.70174390E-03  4.06565459E-04
3.07396780E-02  6.70066378E-03  4.12897973E-04
3.20761393E-02  5.94052751E-03  3.79027304E-04
3.34125946E-02  5.88024269E-03  3.42613242E-04
3.47490438E-02  6.34814831E-03  4.01035769E-04
3.60854865E-02  5.25516773E-03  3.54846057E-04
3.74219226E-02  5.29549899E-03  3.32971292E-04
3.87583518E-02  4.65480349E-03  3.18750540E-04
4.00947738E-02  4.19437018E-03  2.99996847E-04
4.14311883E-02  4.27985836E-03  3.09819473E-04
4.27675953E-02  4.11192204E-03  3.06639849E-04
4.41039943E-02  4.02393683E-03  2.82420963E-04
4.54403851E-02  3.79010721E-03  2.79642904E-04
4.67767676E-02  3.46920941E-03  2.69903836E-04
4.81131414E-02  3.34981398E-03  2.75098178E-04
4.94495063E-02  3.08452173E-03  2.69075965E-04
5.07858621E-02  2.48252706E-03  2.41476501E-04
5.21222085E-02  2.60408477E-03  2.37159330E-04
5.34585452E-02  2.71629860E-03  2.30751287E-04
5.47948721E-02  2.13399027E-03  2.19759377E-04
5.61311889E-02  2.17989040E-03  2.12247643E-04
5.74674952E-02  1.85058516E-03  2.08889826E-04
5.88037910E-02  2.17699183E-03  2.16574324E-04
6.01400758E-02  1.59077669E-03  1.86161034E-04
6.14763496E-02  1.50724807E-03  2.05863291E-04
6.28126120E-02  1.58487829E-03  2.01352443E-04
6.41488628E-02  1.14840342E-03  1.84603461E-04
6.54851017E-02  1.46183105E-03  1.78856427E-04
6.68213285E-02  1.48890610E-03  1.96296058E-04
6.81575430E-02  1.41709546E-03  1.79051664E-04
6.94937449E-02  1.15704407E-03  1.92033378E-04
7.08299339E-02  1.10546304E-03  1.83990597E-04
7.21661098E-02  9.71238121E-04  1.93709669E-04
7.35022724E-02  7.54144608E-04  1.72402228E-04
7.48384215E-02  8.75602132E-04  1.81421793E-04
7.61745566E-02  9.58444536E-04  1.79851580E-04
7.75106778E-02  7.09638511E-04  1.65150536E-04
7.88467845E-02  7.02322745E-04  1.65339727E-04
8.01828767E-02  8.55183676E-04  1.81586143E-04
8.15189541E-02  6.31299047E-04  1.36628579E-04
8.28550165E-02  5.17857528E-04  1.55195181E-04
8.41910635E-02  7.33949764E-04  1.61275813E-04
8.55270949E-02  6.71875714E-04  1.54392348E-04
8.68631106E-02  6.55048179E-04  1.73080807E-04
8.81991102E-02  5.60635244E-04  1.79511025E-04
8.95350935E-02  5.68411756E-04  1.51924156E-04
9.08710603E-02  3.82551098E-04  1.68518742E-04
9.22070102E-02  2.71567265E-04  1.92307823E-04
9.35429432E-02  7.53481658E-04  1.79785131E-04
9.48788588E-02  5.11665459E-04  1.79083395E-04
9.62147569E-02  7.05005467E-04  1.61760555E-04
9.75506373E-02  3.90829268E-04  1.67085980E-04
9.88864996E-02  3.74918625E-04  1.59589472E-04
1.00222344E-01  2.85324551E-04  1.90755275E-04
1.01558169E-01  3.98251296E-04  1.35832134E-04
1.02893976E-01  1.38645995E-04  2.23935658E-04
1.04229764E-01  1.65955712E-04  1.52808666E-04
1.05565532E-01  6.15359733E-04  1.45847392E-04
1.06901281E-01  6.49913449E-05  1.73414584E-04
1.08237011E-01  1.76245208E-04  1.36385509E-04
1.09572720E-01  2.27658569E-04  1.43586897E-04
1.10908409E-01  1.37332144E-04  1.74754977E-04
1.12244077E-01  4.09612515E-04  1.55367607E-04
1.13579725E-01  2.18658837E-04  1.17142045E-04
1.14915352E-01  2.94426410E-04  1.52351277E-04
1.16250958E-01  2.11347842E-04  1.37667675E-04
1.17586542E-01  1.50167047E-04  1.01721856E-04
1.18922104E-01  4.96934340E-05  5.75853951E-05
1.20257645E-01  1.69571132E-05  5.31977125E-05
1.21593163E-01  3.51911881E-04  1.12198222E-04
1.22928659E-01  5.30680091E-05  9.16491039E-05
1.24264132E-01  -1.62358354E-05  -5.92535015E-05
1.25599582E-01  1.88622249E-04  1.29114384E-04
1.26935009E-01  2.28065678E-04  1.18608705E-04
1.28270412E-01  9.11151739E-05  2.12174561E-04
1.29605792E-01  1.68300171E-05  3.69818034E-04
1.30941148E-01  2.78697360E-04  1.50624194E-04
1.32276480E-01  1.59362020E-04  9.10564737E-05
1.33611787E-01  3.22327177E-04  1.14473036E-04
1.34947070E-01  9.89265051E-05  1.67574985E-04
1.36282327E-01  2.03983244E-04  1.23693496E-04
1.37617560E-01  1.82348428E-04  8.00740040E-05
1.38952767E-01  1.90665187E-04  9.13459049E-05
1.40287948E-01  5.03774989E-05  4.88295659E-05
1.41623104E-01  -6.67841995E-05  1.12950137E-04
1.42958234E-01  1.10027834E-04  8.96415657E-05
1.44293337E-01  -1.49487754E-06  4.90580001E-05
1.45628413E-01  -6.90688016E-05  1.05126679E-04
1.46963463E-01  1.50292840E-05  8.01350150E-04
1.48298485E-01  6.51909633E-05  7.45061057E-05
1.49633480E-01  8.30289717E-05  9.12172673E-05
1.50968447E-01  3.47987768E-04  1.17957683E-04
1.52303387E-01  2.84362955E-04  1.14193225E-04
1.53638298E-01  1.38497541E-04  1.02286275E-04
1.54973182E-01  -1.00203028E-05  -6.71651388E-05
1.56308036E-01  1.48791001E-04  1.39773151E-04
1.57642862E-01  2.61644736E-05  4.58545621E-05
1.58977658E-01  -2.32640873E-05  -8.89828835E-05
1.60312426E-01  1.17619964E-04  2.03185856E-04
1.61647163E-01  3.84378370E-04  1.12440254E-04
1.62981871E-01  1.53570031E-04  1.42735938E-04
1.64316549E-01  1.07457134E-04  1.06840617E-04
1.65651196E-01  -1.46043984E-04  1.51718349E-04
1.66985813E-01  9.30170760E-05  1.17957401E-04
1.68320399E-01  7.83376901E-05  6.85403078E-05
1.69654954E-01  1.94872434E-05  6.79768808E-05
1.70989478E-01  2.58199601E-04  1.01717930E-04
1.72323970E-01  -1.31708316E-04  9.67350688E-05
1.73658431E-01  5.47563963E-05  1.03284790E-04
1.74992859E-01  1.86222110E-04  9.18493365E-05
1.76327255E-01  1.44737727E-04  9.76319696E-05
1.77661619E-01  -4.61201715E-05  1.21324239E-04
1.78995950E-01  1.85282232E-04  9.58062661E-05
1.80330247E-01  1.60948461E-04  1.15816180E-04
1.81664512E-01  1.61462486E-04  8.02177164E-05
1.82998743E-01  6.66507940E-05  6.57690402E-05
1.84332940E-01  1.12462548E-04  1.03312257E-04
1.85667104E-01  1.77603738E-04  9.48782234E-05
1.87001233E-01  2.18289266E-05  8.13192475E-05
1.88335327E-01  8.53200998E-05  9.89012569E-05
1.89669387E-01  6.43369618E-05  8.85628190E-05
1.91003412E-01  1.43918833E-04  9.42145861E-05
1.92337402E-01  1.61143857E-04  1.05836961E-04
1.93671356E-01  1.26877412E-04  9.39087885E-05
1.95005275E-01  5.39824556E-05  1.24784993E-04
1.96339157E-01  1.07419294E-04  1.68160940E-04
1.97673004E-01  2.81630863E-04  9.80271771E-05
1.99006814E-01  -2.36858268E-05  1.67795038E-04
2.00340587E-01  1.00053393E-04  1.12542814E-04
2.01674324E-01  2.95798010E-04  1.32405703E-04
2.03008023E-01  2.36879351E-04  1.15677425E-04
2.04341685E-01  1.12680662E-04  9.97040334E-05
2.05675309E-01  1.76718514E-04  1.17054024E-04
2.07008895E-01  -6.24458596E-05  7.25474012E-05
2.08342443E-01  2.35580570E-05  -4.46385363E-04
2.09675953E-01  1.23264530E-04  9.57479152E-05
2.11009424E-01  -5.60826055E-05  5.62740834E-05
2.12342856E-01  1.05613627E-04  1.16274637E-04
2.13676249E-01  7.63991766E-05  9.37725457E-05
2.15009603E-01  1.66014474E-04  8.93066364E-05
2.16342917E-01  -1.08635583E-04  1.38815039E-04
2.17676192E-01  1.14687959E-04  9.15549152E-05
2.19009426E-01  1.08280029E-04  8.92527583E-05
2.20342620E-01  9.71303371E-05  9.43172210E-05
2.21675773E-01  6.16628923E-05  1.59083913E-04
2.23008885E-01  9.23413146E-05  6.36146081E-05
2.24341957E-01  -3.71511309E-05  3.75141226E-05
2.25674987E-01  1.45446707E-04  8.42189833E-05
2.27007976E-01  -1.26256253E-05  4.12812671E-05
2.28340922E-01  -8.48892666E-05  1.22592367E-04
2.29673827E-01  -3.43127999E-05  8.42263715E-05
2.31006689E-01  8.78896144E-05  9.76993658E-05
2.32339509E-01  -1.14380913E-05  -5.41850441E-05
2.33672286E-01  -3.90379953E-05  -2.95989635E-02
2.35005021E-01  5.73249455E-05  3.99143685E-05
2.36337711E-01  1.60545571E-04  8.64467718E-05
2.37670359E-01  7.33988569E-05  9.39468684E-05
2.39002962E-01  4.28015865E-06  2.28894930E-05
2.40335522E-01  1.09065006E-04  1.24074350E-04
2.41668037E-01  2.00497377E-05  4.14801918E-05
2.43000508E-01  -8.82265857E-05  7.71374564E-05
2.44332934E-01  9.96007674E-05  9.76397033E-05
2.45665316E-01  3.65244504E-05  2.08596165E-04
2.46997652E-01  8.27577896E-05  6.20910875E-05
2.48329942E-01  7.02979501E-05  7.37240928E-05
2.49662187E-01  6.52804656E-05  9.41179696E-05
2.50994386E-01  2.79750379E-04  8.63882639E-05
2.52326539E-01  4.08970684E-05  5.11446890E-05
2.53658646E-01  1.13188714E-04  9.55578724E-05
2.54990705E-01  1.37500279E-05  1.87289010E-05
2.56322718E-01  -5.46935610E-05  -2.18537711E-04
2.57654684E-01  1.05783574E-04  8.02109442E-05
2.58986602E-01  -1.94943352E-05  -1.85659353E-04
2.60318473E-01  1.29627610E-05  -7.36079736E-04
2.61650296E-01  1.86005071E-04  9.15683677E-05
2.62982071E-01  1.82649215E-05  2.33342225E-05
2.64313797E-01  1.18549296E-04  5.59245390E-05
2.65645475E-01  3.31418263E-04  8.40537703E-05
2.66977104E-01  2.60069319E-04  9.25594453E-05
2.68308684E-01  -1.03300944E-04  7.53167801E-05
2.69640214E-01  2.22695678E-04  8.96052108E-05
2.70971695E-01  5.25969176E-05  6.37585996E-05
2.72303126E-01  1.28880553E-04  8.55657949E-05
2.73634508E-01  2.91969704E-05  3.17434118E-05
2.74965838E-01  7.31561671E-06  4.71328306E-04
2.76297119E-01  2.37345277E-04  7.68407894E-05
2.77628348E-01  8.47064027E-05  6.71253172E-05
2.78959527E-01  1.25884964E-04  8.16653127E-05
2.80290654E-01  1.19296001E-04  8.86865762E-05
2.81621730E-01  3.07516920E-05  7.84691640E-05
2.82952754E-01  1.02365550E-04  7.44808522E-05
2.84283726E-01  4.90848859E-05  7.83642959E-05
2.85614646E-01  1.04829926E-04  6.54317328E-05
2.86945514E-01  1.30890197E-04  1.03992690E-04
2.88276328E-01  -3.71553397E-05  7.05436926E-05
2.89607090E-01  -9.61051289E-05  1.26574022E-04
2.90937799E-01  -2.73841334E-06  5.60802982E-06
2.92268454E-01  -2.46277024E-05  1.08809009E-04
2.93599055E-01  -9.59716709E-05  9.22800596E-05
2.94929603E-01  1.77663053E-05  3.40294655E-05
2.96260097E-01  1.67025046E-04  8.21721092E-05
2.97590536E-01  5.64682898E-05  7.08043220E-05
2.98920920E-01  1.21963651E-04  6.36715198E-05
3.00251250E-01  -1.40333752E-04  1.15641988E-04
3.01581524E-01  6.93794680E-05  8.03494158E-05
3.02911743E-01  5.87150879E-05  -7.61611307E-03
3.04241907E-01  1.34263674E-04  8.04308041E-05
3.05572015E-01  7.59264315E-05  7.24200136E-05
3.06902066E-01  5.50141531E-06  3.56466464E-04
3.08232062E-01  7.13353337E-06  4.85657503E-05
3.09562000E-01  5.74932939E-05  8.45843476E-05
3.10891882E-01  -8.14884923E-05  8.24369849E-05
3.12221707E-01  -4.91008186E-05  8.55429748E-05
3.13551475E-01  2.45647840E-06  3.43826954E-05
3.14881185E-01  1.52826577E-05  2.28740476E-05
3.16210838E-01  1.68449502E-06  -5.40313057E-06
3.17540432E-01  -2.03329724E-05  1.85694760E-04
3.18869968E-01  9.22258694E-05  7.70515979E-05
3.20199446E-01  7.89280575E-05  9.46203139E-05
3.21528865E-01  1.19677829E-04  7.32457868E-05
3.22858225E-01  5.76404866E-05  5.66350943E-05
3.24187526E-01  5.15770994E-05  7.57999728E-05
3.25516768E-01  8.34716089E-05  5.88909536E-05
3.26845949E-01  1.44856237E-04  8.83416726E-05
3.28175071E-01  1.61364068E-05  1.98921092E-04
3.29504133E-01  7.51045335E-05  7.67738740E-05
3.30833134E-01  1.17949864E-04  1.40786964E-04
3.32162075E-01  -1.17481088E-04  9.80997702E-05
3.33490955E-01  1.32229568E-04  7.03964597E-05
3.34819774E-01  -2.65674154E-05  1.18687726E-04
3.36148531E-01  1.58202848E-04  1.06734999E-04
3.37477227E-01  3.83076559E-05  4.63345468E-05
3.38805861E-01  -1.34121788E-04  7.53374115E-05
3.40134433E-01  -2.80588655E-06  8.58009249E-06
3.41462943E-01  1.27826241E-04  8.45332020E-05
3.42791390E-01  2.33324247E-05  -9.45652320E-05
3.44119774E-01  1.69489692E-04  7.75579384E-05
3.45448095E-01  5.13337168E-05  7.13339268E-05
3.46776353E-01  1.33253026E-04  6.51166586E-05
3.48104548E-01  1.38805258E-04  7.05152047E-05
3.49432679E-01  -4.73892940E-05  9.10904666E-05
3.50760746E-01  3.55284135E-05  7.02750622E-05
3.52088749E-01  1.27091629E-04  6.49395751E-05
3.53416687E-01  4.23751313E-06  -1.73318663E-05
3.54744560E-01  3.80031825E-05  1.10912443E-04
3.56072369E-01  7.85538275E-06  -6.66653604E-05
3.57400112E-01  2.81507728E-05  3.27954143E-05
3.58727791E-01  1.11994088E-05  9.33376692E-05
3.60055403E-01  1.08180741E-04  8.03545699E-05
3.61382950E-01  1.94500824E-04  1.10396984E-04
3.62710430E-01  -1.11086708E-04  1.04076008E-04
3.64037844E-01  5.78143541E-05  1.55467588E-04
3.65365192E-01  1.14988709E-04  6.55219985E-05
3.66692473E-01  2.21459928E-05  -1.66929017E-04
3.68019686E-01  7.85718921E-05  1.20266493E-04
3.69346833E-01  -2.82902909E-05  2.88343377E-04
3.70673911E-01  -6.06743491E-05  1.18299803E-04
3.72000922E-01  2.57233003E-04  9.25040531E-05
3.73327866E-01  -9.40933312E-05  1.05553883E-04
3.74654740E-01  9.51417239E-05  2.36089159E-04
3.75981547E-01  -7.69507719E-06  -2.30129718E-05
3.77308284E-01  -6.26104557E-05  8.32231952E-05
3.78634953E-01  6.23259820E-05  1.07074727E-04
3.79961552E-01  -8.79009494E-06  -2.71021565E-05
3.81288082E-01  2.80560028E-05  1.05619483E-04
3.82614543E-01  1.05452274E-04  7.20557763E-05
3.83940933E-01  1.52238935E-04  7.71115210E-05
3.85267254E-01  -6.79933357E-05  8.45894454E-05
3.86593504E-01  -1.08084099E-04  9.70703561E-05
3.87919683E-01  6.92046034E-05  1.19904757E-04
3.89245791E-01  9.17717410E-05  2.64367143E-04
3.90571829E-01  5.74961054E-05  1.14940566E-04
3.91897795E-01  -2.81812895E-05  6.00859061E-05
3.93223690E-01  1.11191798E-04  1.07927184E-04
3.94549512E-01  9.65080177E-05  9.21914006E-05
3.95875263E-01  8.56218661E-05  5.14376358E-05
3.97200941E-01  -5.09691525E-05  1.81600794E-04
3.98526547E-01  9.67759202E-05  1.37268025E-04
3.99852081E-01  7.06657954E-05  1.49746358E-04
4.01177541E-01  -3.74303211E-06  -4.26151336E-05
4.02502928E-01  -1.12978740E-05  -3.42679890E-05
4.03828242E-01  1.64096884E-04  8.33913714E-05
4.05153481E-01  8.18167032E-05  8.50917688E-05
4.06478647E-01  8.62427671E-05  6.96738870E-05
4.07803739E-01  -5.22162999E-07  3.54142270E-06
4.09128757E-01  -4.18570303E-05  8.70849646E-05
4.10453700E-01  6.31994698E-05  1.06636031E-04
4.11778568E-01  4.34501658E-05  4.37047333E-05
4.13103361E-01  7.02890341E-06  1.28579031E-05
4.14428078E-01  -3.78267420E-05  4.36412687E-05
4.15752720E-01  4.09792469E-05  4.43811361E-05
4.17077287E-01  -1.37096554E-04  2.67714452E-04
4.18401777E-01  3.79070058E-05  1.02811807E-04
4.19726191E-01  1.39106370E-04  1.01211913E-04
4.21050528E-01  -1.37929205E-04  1.33670207E-04
4.22374789E-01  2.67240286E-05  -1.92695623E-04
4.23698973E-01  9.09447964E-05  8.09806299E-05
4.25023079E-01  1.16724774E-04  1.12832975E-04
4.26347108E-01  1.04325381E-04  1.16067147E-04
4.27671060E-01  1.11761284E-04  2.07204144E-04
4.28994934E-01  -3.35480025E-05  3.62644179E-04
4.30318729E-01  -4.37201598E-05  -1.58694080E-03
4.31642446E-01  6.46687494E-05  6.79666497E-05
4.32966085E-01  -2.11453773E-04  8.34893198E-05
4.34289644E-01  2.47244047E-05  -2.35468291E-04
4.35613125E-01  -8.50224700E-05  1.47193806E-04
4.36936526E-01  1.41365731E-04  1.06273842E-04
4.38259848E-01  1.75631774E-04  9.81341368E-05
4.39583090E-01  6.79785524E-05  1.06557044E-04
4.40906252E-01  1.74354852E-04  1.41098782E-04
4.42229334E-01  2.12161666E-04  9.79346477E-05
4.43552335E-01  1.89016398E-05  5.95780243E-05
4.44875255E-01  1.40426299E-04  1.10248741E-04
4.46198095E-01  1.69254622E-04  1.06987811E-04
4.47520853E-01  6.38489413E-05  2.26034974E-04
4.48843531E-01  2.74125343E-04  1.06429433E-04
4.50166126E-01  5.63223766E-05  5.28781518E-05
4.51488640E-01  -7.45837901E-05  7.96565531E-05
4.52811071E-01  -7.45451172E-05  1.41753639E-04
4.54133420E-01  1.35012783E-04  1.45457287E-04
4.55455687E-01  2.19061521E-04  1.27752320E-04
4.56777871E-01  5.92532949E-05  8.99374421E-05
4.58099971E-01  -7.90422949E-05  2.97874543E-04
4.59421989E-01  5.95187208E-05  1.40819422E-04
4.60743923E-01  1.45602276E-04  9.20605182E-05
4.62065773E-01  7.22814513E-05  1.11814860E-04
4.63387539E-01  1.10680160E-04  1.26511543E-04
4.64709222E-01  7.49667922E-05  7.85929682E-05
4.66030819E-01  2.58413518E-05  5.77645457E-05
4.67352332E-01  -8.59356427E-05  2.64092978E-04
4.68673761E-01  4.96923736E-05  2.00243149E-04
4.69995104E-01  4.30655635E-05  1.59867339E-04
4.71316361E-01  6.39887034E-05  1.38797049E-04
4.72637534E-01  1.07671458E-04  1.13430002E-04
4.73958620E-01  -7.43542976E-05  1.85105407E-04
4.75279620E-01  -2.94037758E-04  1.40418323E-04
4.76600534E-01  7.30224655E-05  2.28272161E-04
4.77921362E-01  -1.14315901E-04  1.48462616E-04
4.79242103E-01  1.10348355E-04  1.81786969E-04
4.80562757E-01  -2.23612615E-04  1.79608554E-04
4.81883323E-01  9.23328273E-06  1.00472364E-04
4.83203803E-01  6.23973580E-05  1.07896958E-04
4.84524194E-01  1.97249053E-04  1.32592916E-04
4.85844498E-01  2.75624785E-04  3.44462514E-04
4.87164714E-01  -2.15778400E-05  -4.76649544E-04
4.88484841E-01  3.60089034E-05  9.59995935E-05
4.89804880E-01  1.79719532E-04  2.36933421E-04
4.91124830E-01  1.37953407E-04  1.56084498E-04
4.92444691E-01  5.63333795E-05  1.30076736E-02
4.93764462E-01  1.02081765E-04  2.19609378E-04
4.95084144E-01  1.73439338E-05  -3.79216051E-04
4.96403737E-01  -1.91202038E-04  1.41602319E-04
4.97723239E-01  1.42951874E-04  1.28247129E-04
4.99042652E-01  -2.23642176E-04  1.66977169E-04
5.00361973E-01  5.73644773E-05  -8.02682387E-04
5.01681205E-01  1.96877800E-04  2.40218313E-04
5.03000345E-01  -3.16777527E-04  2.15006198E-04
5.04319394E-01  6.57346009E-05  4.49527624E-04
5.05638352E-01  -4.06925670E-04  2.09217651E-04
5.06957219E-01  4.22463534E-04  2.10075319E-04
5.08275993E-01  4.93220946E-05  -2.74075138E-04
5.09594676E-01  -7.86784046E-05  1.95739876E-03
5.10913266E-01  1.35918173E-04  1.35171755E-04
5.12231764E-01  1.31259385E-04  2.65219249E-03
5.13550170E-01  5.93300886E-05  -4.73575920E-04
5.14868482E-01  3.06169122E-04  1.97052012E-04
5.16186701E-01  1.54371092E-04  1.73131859E-04
5.17504827E-01  -3.21468599E-04  2.47031924E-04
5.18822859E-01  -7.95374975E-05  2.19212241E-04
5.20140797E-01  5.17626282E-04  2.02921436E-04
5.21458641E-01  2.15454821E-04  8.15695535E-04
5.22776391E-01  -1.24556807E-04  1.66761548E-04
5.24094047E-01  1.09986548E-04  1.84004177E-04
5.25411608E-01  -2.58813432E-04  2.02117986E-04
5.26729073E-01  4.53451994E-05  2.30452494E-04
5.28046444E-01  2.24880388E-04  3.11149360E-04
5.29363719E-01  -3.58866267E-05  -9.69532238E-05
5.30680898E-01  -8.30068844E-04  2.81518031E-04
5.31997982E-01  2.25099774E-04  2.75982040E-04
5.33314969E-01  8.74699737E-05  5.39826130E-04
5.34631861E-01  -1.32652686E-04  5.91843714E-04
5.35948655E-01  9.03951974E-06  1.06780014E-04
5.37265353E-01  6.18866728E-04  2.97536096E-04
5.38581954E-01  1.19569145E-04  2.58331290E-04
5.39898457E-01  3.17489590E-04  4.02866980E-04
5.41214863E-01  4.17286787E-04  3.08403451E-04
5.42531172E-01  -3.84549547E-04  3.62032067E-04
5.43847382E-01  -7.33371059E-05  8.35527737E-04
5.45163494E-01  -3.01691957E-04  3.02244849E-04
5.46479508E-01  -5.70579195E-05  2.87552867E-04
5.47795424E-01  4.11674987E-04  4.46516823E-04
5.49111240E-01  -3.92724105E-04  1.17293715E-03
5.50426957E-01  -1.38526590E-04  1.21127047E-03
5.51742576E-01  3.74935525E-05  1.45303871E-04
5.53058094E-01  6.52486490E-04  4.42051393E-04
5.54373513E-01  6.91367780E-04  4.33782649E-04
5.55688832E-01  -2.18952130E-04  2.33304967E-03
5.57004051E-01  6.85468682E-04  4.35126718E-04
5.58319169E-01  6.04781039E-04  5.03740057E-04
5.59634187E-01  3.58634545E-05  -9.37275646E-05
5.60949104E-01  -5.84099093E-04  3.76814090E-04
5.62263920E-01  -7.01664232E-04  4.63271818E-04
5.63578635E-01  5.35477960E-04  1.05856850E-03
5.64893248E-01  2.99425436E-04  2.34205390E-04
5.66207759E-01  9.91843061E-05  4.26443967E-04
5.67522168E-01  1.74200144E-04  9.15061598E-04
5.68836475E-01  8.32434263E-04  5.77463177E-04
5.70150680E-01  1.27332447E-04  5.86452404E-04
5.71464782E-01  -6.14902423E-04  4.56275294E-04
5.72778781E-01  1.17635489E-03  7.55258143E-04
5.74092677E-01  1.30332404E-03  7.34673623E-04
5.75406470E-01  3.67616314E-04  4.67190808E-04
5.76720159E-01  -1.50391557E-04  2.82533020E-04
5.78033745E-01  -4.87145310E-04  6.12629699E-04
5.79347226E-01  2.07924693E-04  -6.64337735E-04
5.80660603E-01  2.89040337E-03  2.34007493E-03


### HEADER:
#
#{
#    "analysis": {},
#    "filename": "S_02489_A1_BSA_10_089_c.dat",
#    "history": {
#        "baseline_correction": {
#            "initial_file": [
#                "S_02489_A1_BSA_10_089_c.dat",
#                {
#                    "subtraction": {
#                        "initial_file": [
#                            "02489_A1_BSA_10_089_c.dat"
#                        ],
#                        "subtracted_file": [
#                            "A_02489_A1_BSA_10_225_c.dat",
#                            {
#                                "averaged_files": [
#                                    [
#                                        "02489_A1_BSA_10_225_c.dat"
#                                    ],
#                                    [
#                                        "02489_A1_BSA_10_226_c.dat"
#                                    ],
#                                    [
#                                        "02489_A1_BSA_10_227_c.dat"
#                                    ],
#                                    [
#                                        "02489_A1_BSA_10_228_c.dat"
#                                    ],
#                                    [
#                                        "02489_A1_BSA_10_229_c.dat"
#                                    ],
#                                    [
#                                        "02489_A1_BSA_10_230_c.dat"
#                                    ],
#                                    [
#                                        "02489_A1_BSA_10_231_c.dat"
#                                    ],
#                                    [
#                                        "02489_A1_BSA_10_232_c.dat"
#                                    ],
#                                    [
#                                        "02489_A1_BSA_10_233_c.dat"
#                                    ],
#                                    [
#                                        "02489_A1_BSA_10_234_c.dat"
#                                    ],
#                                    [
#                                        "02489_A1_BSA_10_235_c.dat"
#                                    ],
#                                    [
#                                        "02489_A1_BSA_10_236_c.dat"
#                                    ],
#                                    [
#                                        "02489_A1_BSA_10_237_c.dat"
#                                    ],
#                                    [
#                                        "02489_A1_BSA_10_238_c.dat"
#                                    ],
#                                    [
#                                        "02489_A1_BSA_10_239_c.dat"
#                                    ],
#                                    [
#                                        "02489_A1_BSA_10_240_c.dat"
#                                    ],
#                                    [
#                                        "02489_A1_BSA_10_241_c.dat"
#                                    ],
#                                    [
#                                        "02489_A1_BSA_10_242_c.dat"
#                                    ],
#                                    [
#                                        "02489_A1_BSA_10_243_c.dat"
#                                    ]
#                                ]
#                            }
#                        ]
#                    }
#                }
#            ],
#            "type": "Linear"
#        }
#    }
#}

