### DATA:
#
# 430
#      Q             I(Q)           Error     
1.06922151E-02  1.48208963E-02  5.04869337E-03
1.20287357E-02  1.54240303E-02  5.40260494E-03
1.33652541E-02  1.37217881E-02  2.00498973E-03
1.47017700E-02  1.21172953E-02  1.19565154E-03
1.60382831E-02  1.07771720E-02  1.04283045E-03
1.73747933E-02  9.40007860E-03  8.54476942E-04
1.87113003E-02  8.59379201E-03  8.24210094E-04
2.00478039E-02  7.89326552E-03  6.87249508E-04
2.13843037E-02  8.02102749E-03  6.40550140E-04
2.27207996E-02  5.49563274E-03  4.64370336E-04
2.40572913E-02  4.51441015E-03  4.41074756E-04
2.53937785E-02  4.48224221E-03  4.38494421E-04
2.67302610E-02  3.73175985E-03  4.07986262E-04
2.80667386E-02  3.55163139E-03  3.30817395E-04
2.94032110E-02  2.83250464E-03  3.30899539E-04
3.07396780E-02  2.95469786E-03  3.49294225E-04
3.20761393E-02  2.39186758E-03  3.40011051E-04
3.34125946E-02  2.31386814E-03  2.96517624E-04
3.47490438E-02  2.02003843E-03  2.68759298E-04
3.60854865E-02  1.93427809E-03  2.80859666E-04
3.74219226E-02  1.68471235E-03  2.54722277E-04
3.87583518E-02  1.62375590E-03  2.78294342E-04
4.00947738E-02  1.44144657E-03  2.26091618E-04
4.14311883E-02  1.63100677E-03  2.49953609E-04
4.27675953E-02  1.39969854E-03  2.52206536E-04
4.41039943E-02  1.53484582E-03  2.38864894E-04
4.54403851E-02  1.24341829E-03  2.04974707E-04
4.67767676E-02  1.54399811E-03  2.12690885E-04
4.81131414E-02  1.30792054E-03  1.91121193E-04
4.94495063E-02  8.14198647E-04  2.04840827E-04
5.07858621E-02  8.39985511E-04  1.85533489E-04
5.21222085E-02  1.06418500E-03  2.01045484E-04
5.34585452E-02  1.00686078E-03  1.94628814E-04
5.47948721E-02  6.54458563E-04  1.76793092E-04
5.61311889E-02  8.44972218E-04  1.99015890E-04
5.74674952E-02  6.76367056E-04  1.89102065E-04
5.88037910E-02  7.52732613E-04  1.89399451E-04
6.01400758E-02  6.18341990E-04  1.74781052E-04
6.14763496E-02  6.74924250E-04  1.76426840E-04
6.28126120E-02  6.11491937E-04  2.05570073E-04
6.41488628E-02  6.37882108E-04  1.59584782E-04
6.54851017E-02  3.00707974E-04  1.46981018E-04
6.68213285E-02  -8.46373369E-05  7.05879979E-04
6.81575430E-02  5.58582127E-04  1.44576569E-04
6.94937449E-02  4.14153476E-04  1.87399420E-04
7.08299339E-02  3.07864621E-04  2.14510528E-04
7.21661098E-02  6.73173515E-04  1.79267631E-04
7.35022724E-02  4.49249050E-04  1.56956950E-04
7.48384215E-02  5.52503339E-04  1.58500559E-04
7.61745566E-02  4.70361943E-04  1.68558486E-04
7.75106778E-02  2.99770540E-04  1.56470832E-04
7.88467845E-02  3.65718265E-04  1.65507619E-04
8.01828767E-02  4.33473680E-04  2.05923557E-04
8.15189541E-02  2.92935672E-04  1.23274277E-04
8.28550165E-02  4.07894691E-04  1.50177146E-04
8.41910635E-02  2.69602922E-04  1.38800949E-04
8.55270949E-02  2.20620640E-04  1.08070190E-04
8.68631106E-02  2.32474842E-04  1.77778399E-04
8.81991102E-02  2.98974957E-04  1.83187183E-04
8.95350935E-02  3.14634871E-04  1.46708667E-04
9.08710603E-02  5.41654569E-04  1.67382862E-04
9.22070102E-02  2.11323259E-04  2.13165538E-04
9.35429432E-02  2.26080092E-04  1.95535697E-04
9.48788588E-02  2.88777895E-04  1.89631462E-04
9.62147569E-02  1.13322647E-04  1.37161554E-04
9.75506373E-02  4.63893822E-04  1.64074345E-04
9.88864996E-02  3.28287890E-04  1.61941091E-04
1.00222344E-01  -2.94868847E-05  7.19823881E-05
1.01558169E-01  4.61942597E-04  1.41050450E-04
1.02893976E-01  1.92236237E-04  2.09100356E-04
1.04229764E-01  1.28862738E-04  1.50619629E-04
1.05565532E-01  1.04812757E-04  9.40136155E-05
1.06901281E-01  3.82888732E-05  1.42146421E-04
1.08237011E-01  2.72332892E-04  1.31933396E-04
1.09572720E-01  8.61055510E-05  1.26664251E-04
1.10908409E-01  2.34288539E-04  1.52901073E-04
1.12244077E-01  2.36644633E-04  1.32113365E-04
1.13579725E-01  1.23001414E-05  3.31046751E-05
1.14915352E-01  2.16748470E-04  1.52602726E-04
1.16250958E-01  -1.17006608E-04  1.16777880E-04
1.17586542E-01  4.42689583E-04  1.17356967E-04
1.18922104E-01  2.18443752E-04  1.00084449E-04
1.20257645E-01  1.25662071E-04  1.02172812E-04
1.21593163E-01  2.18724173E-05  4.10983078E-05
1.22928659E-01  2.12636614E-04  1.15502066E-04
1.24264132E-01  -3.02366304E-05  -1.88443620E-04
1.25599582E-01  6.65931822E-05  1.25881097E-04
1.26935009E-01  2.90853396E-05  6.08294338E-05
1.28270412E-01  1.90539389E-05  -1.56600871E-04
1.29605792E-01  -1.17815761E-04  1.14473831E-04
1.30941148E-01  -1.11812788E-04  7.43356196E-05
1.32276480E-01  3.11102703E-05  3.85329700E-05
1.33611787E-01  2.27231057E-05  3.55039872E-05
1.34947070E-01  8.66279020E-05  1.55644703E-04
1.36282327E-01  8.48717381E-05  1.08985073E-04
1.37617560E-01  -2.60528560E-05  -4.98016442E-05
1.38952767E-01  9.20183965E-05  7.44968711E-05
1.40287948E-01  -1.17880058E-04  3.23739201E-04
1.41623104E-01  3.49590362E-05  1.03815777E-04
1.42958234E-01  1.71243891E-04  9.58493976E-05
1.44293337E-01  -9.36440863E-05  1.16938313E-04
1.45628413E-01  -4.70012933E-05  1.16126772E-04
1.46963463E-01  2.14083326E-04  1.13809413E-04
1.48298485E-01  1.67185593E-04  9.06548702E-05
1.49633480E-01  6.00436535E-05  7.79975560E-05
1.50968447E-01  1.95561296E-04  1.22770321E-04
1.52303387E-01  -5.31230128E-05  1.70190742E-04
1.53638298E-01  -9.89516846E-05  1.26428996E-04
1.54973182E-01  9.85795182E-05  8.04557228E-05
1.56308036E-01  2.50136231E-04  1.24740763E-04
1.57642862E-01  1.78280168E-04  8.74521794E-05
1.58977658E-01  9.94239272E-05  6.86526502E-05
1.60312426E-01  4.60854827E-05  -2.70941056E-03
1.61647163E-01  4.37916974E-07  9.95772660E-06
1.62981871E-01  7.18105292E-06  -2.81889294E-05
1.64316549E-01  -2.46633317E-04  1.09640236E-04
1.65651196E-01  -6.20414845E-05  -2.39263211E-03
1.66985813E-01  1.55053435E-05  1.98215175E-04
1.68320399E-01  1.54055223E-05  2.21947997E-05
1.69654954E-01  -6.81727524E-05  1.55534554E-04
1.70989478E-01  6.02301488E-05  9.71565425E-05
1.72323970E-01  -1.76347252E-04  9.82371892E-05
1.73658431E-01  6.22368591E-05  9.46895343E-05
1.74992859E-01  7.47403181E-05  6.94922467E-05
1.76327255E-01  2.02851878E-05  4.96239813E-05
1.77661619E-01  6.90912977E-05  8.07693008E-05
1.78995950E-01  -2.96424975E-05  2.30308547E-04
1.80330247E-01  1.61658396E-04  1.13083461E-04
1.81664512E-01  -2.09068678E-05  -7.89344681E-05
1.82998743E-01  -2.12936299E-05  -9.83179592E-05
1.84332940E-01  -8.54320634E-05  1.02447382E-04
1.85667104E-01  2.66252547E-05  5.93941542E-05
1.87001233E-01  -2.86297900E-05  1.60628279E-04
1.88335327E-01  1.40457608E-04  9.90383334E-05
1.89669387E-01  4.80236321E-05  6.75690895E-05
1.91003412E-01  2.09156028E-04  9.56415645E-05
1.92337402E-01  1.12877882E-05  8.16515463E-05
1.93671356E-01  1.34664549E-04  9.56905495E-05
1.95005275E-01  -1.06628688E-05  8.83936700E-05
1.96339157E-01  -1.91971368E-05  3.25287403E-05
1.97673004E-01  -1.33191222E-04  1.28956022E-04
1.99006814E-01  9.39170979E-05  8.55667455E-05
2.00340587E-01  -1.91776402E-05  9.94980528E-05
2.01674324E-01  -6.33486893E-06  1.28384350E-05
2.03008023E-01  1.40071071E-04  1.17475691E-04
2.04341685E-01  -1.22724653E-04  1.07392744E-04
2.05675309E-01  2.69008995E-05  2.98224863E-04
2.07008895E-01  -1.27907902E-04  8.48174022E-05
2.08342443E-01  -5.45771528E-05  6.96899823E-05
2.09675953E-01  -4.85841094E-05  1.44870340E-04
2.11009424E-01  2.05961601E-04  1.30319865E-04
2.12342856E-01  1.20655022E-04  1.11036983E-04
2.13676249E-01  -2.31822123E-04  9.86418136E-05
2.15009603E-01  -5.49131494E-05  1.90458278E-04
2.16342917E-01  -3.52227593E-05  -9.12033470E-04
2.17676192E-01  3.57152463E-05  8.00083468E-05
2.19009426E-01  -7.07412339E-05  1.23350704E-04
2.20342620E-01  -1.10499909E-04  1.00446135E-04
2.21675773E-01  6.86852273E-05  1.27559725E-04
2.23008885E-01  4.62165463E-05  4.43173369E-05
2.24341957E-01  3.03304487E-05  -2.36798706E-04
2.25674987E-01  7.40501050E-05  6.81542571E-05
2.27007976E-01  -1.14619468E-04  8.88851143E-05
2.28340922E-01  1.58619500E-05  3.11361355E-05
2.29673827E-01  -6.93194528E-05  8.95713916E-05
2.31006689E-01  1.06296017E-04  9.46931943E-05
2.32339509E-01  9.07176252E-05  6.71204682E-05
2.33672286E-01  -4.05064722E-05  -4.49236638E-04
2.35005021E-01  -5.39698604E-05  -1.87671083E-04
2.36337711E-01  9.56724784E-05  8.06787294E-05
2.37670359E-01  3.89803198E-05  8.54890936E-05
2.39002962E-01  3.73201775E-04  8.83450241E-05
2.40335522E-01  -1.12557399E-04  7.20514953E-05
2.41668037E-01  2.13721639E-04  8.13136997E-05
2.43000508E-01  6.55587078E-05  9.44122107E-05
2.44332934E-01  2.58437687E-04  9.27575829E-05
2.45665316E-01  -2.11282855E-04  8.09307267E-05
2.46997652E-01  1.61731341E-05  2.62546891E-05
2.48329942E-01  2.37536275E-05  4.49456031E-05
2.49662187E-01  -4.93744916E-05  7.91911798E-05
2.50994386E-01  -5.77428422E-06  -1.88566274E-05
2.52326539E-01  -2.26745804E-04  1.02478661E-04
2.53658646E-01  -7.20875059E-05  8.51150299E-05
2.54990705E-01  -1.34350595E-05  -2.76286975E-05
2.56322718E-01  -7.92852908E-05  -7.22007176E-04
2.57654684E-01  1.33721404E-04  7.94765549E-05
2.58986602E-01  -7.74233571E-05  1.41436412E-04
2.60318473E-01  3.79543206E-05  9.68574350E-05
2.61650296E-01  7.04716075E-05  1.12740441E-04
2.62982071E-01  -2.97640414E-05  -8.52636202E-05
2.64313797E-01  -1.56885669E-04  1.34622371E-04
2.65645475E-01  -1.62558638E-04  9.51053276E-05
2.66977104E-01  -3.78771181E-05  4.91897822E-05
2.68308684E-01  1.18952604E-04  8.70761337E-05
2.69640214E-01  7.66644542E-05  8.83146264E-05
2.70971695E-01  6.00602566E-05  5.96007636E-05
2.72303126E-01  1.16092252E-04  8.15994306E-05
2.73634508E-01  1.13992218E-05  1.30045072E-05
2.74965838E-01  3.46552589E-06  5.69412593E-05
2.76297119E-01  -3.21126071E-05  7.90037775E-04
2.77628348E-01  -3.58978325E-05  2.35766568E-04
2.78959527E-01  7.78013625E-06  3.80830002E-05
2.80290654E-01  2.30422899E-04  8.53210253E-05
2.81621730E-01  3.37893474E-05  6.28429978E-05
2.82952754E-01  -3.56999146E-06  -2.91048066E-05
2.84283726E-01  3.04669520E-05  6.63561763E-05
2.85614646E-01  4.18816104E-05  5.51341004E-05
2.86945514E-01  6.15459169E-05  1.10067958E-04
2.88276328E-01  -3.78006985E-05  8.30770085E-05
2.89607090E-01  4.32549853E-05  4.24414311E-05
2.90937799E-01  1.92020617E-04  1.04431036E-04
2.92268454E-01  -3.83433975E-05  1.49168447E-04
2.93599055E-01  1.40791126E-04  7.63616942E-05
2.94929603E-01  1.47156036E-06  3.29238637E-06
2.96260097E-01  -5.58202465E-05  9.87957476E-05
2.97590536E-01  -9.84097911E-06  -2.80982915E-04
2.98920920E-01  4.20442418E-05  4.22145258E-05
3.00251250E-01  -3.68252828E-05  -1.24327803E-04
3.01581524E-01  -3.26386705E-05  9.14873170E-05
3.02911743E-01  4.55062946E-05  -3.01748310E-04
3.04241907E-01  -2.71107024E-05  1.78716083E-04
3.05572015E-01  -1.46259565E-05  -3.83950840E-04
3.06902066E-01  8.24723887E-05  8.08587467E-05
3.08232062E-01  -2.81724463E-05  1.11196255E-04
3.09562000E-01  9.31200156E-05  7.73221396E-05
3.10891882E-01  6.89928685E-05  7.03177971E-05
3.12221707E-01  4.64400002E-05  6.36883537E-05
3.13551475E-01  1.47774045E-04  7.60100137E-05
3.14881185E-01  9.82207693E-05  5.51623007E-05
3.16210838E-01  1.05623306E-04  1.05986148E-04
3.17540432E-01  9.82070982E-05  6.76036026E-05
3.18869968E-01  2.45387105E-04  8.29698964E-05
3.20199446E-01  5.11649103E-05  1.06287873E-04
3.21528865E-01  -3.82426429E-05  1.75593937E-04
3.22858225E-01  2.86261815E-05  4.13273354E-05
3.24187526E-01  7.89417648E-05  7.40861984E-05
3.25516768E-01  8.99793179E-05  5.52771653E-05
3.26845949E-01  -3.22298789E-05  7.87690470E-05
3.28175071E-01  1.19241805E-04  8.82053862E-05
3.29504133E-01  -6.52653957E-05  9.12132733E-05
3.30833134E-01  1.36097647E-04  1.25212538E-04
3.32162075E-01  4.41331039E-06  1.28033028E-05
3.33490955E-01  -7.67176114E-05  1.39291090E-04
3.34819774E-01  4.61297126E-05  6.22715043E-05
3.36148531E-01  -1.84927359E-05  2.64116965E-05
3.37477227E-01  -5.02531372E-05  2.48615178E-04
3.38805861E-01  -1.50801578E-05  1.70448712E-04
3.40134433E-01  1.59489061E-05  -2.39586009E-04
3.41462943E-01  -1.60835369E-06  1.10440669E-05
3.42791390E-01  2.25125599E-05  -1.13379621E-04
3.44119774E-01  1.02217470E-05  3.41559423E-05
3.45448095E-01  -3.36214325E-05  1.55603900E-04
3.46776353E-01  7.01746933E-06  1.20280376E-05
3.48104548E-01  -6.82874054E-05  1.27714079E-04
3.49432679E-01  -3.74874041E-05  1.50369204E-04
3.50760746E-01  -1.56963998E-04  8.87888395E-05
3.52088749E-01  -1.23642338E-04  1.09069846E-04
3.53416687E-01  9.28497604E-05  1.02571302E-04
3.54744560E-01  -1.07093551E-04  7.57939878E-05
3.56072369E-01  -9.34182807E-05  7.78928116E-05
3.57400112E-01  -1.69670376E-04  1.27091446E-04
3.58727791E-01  -2.88600201E-05  1.00362013E-04
3.60055403E-01  -1.50941503E-04  9.43222011E-05
3.61382950E-01  -1.91624424E-05  2.74515281E-05
3.62710430E-01  6.12013959E-05  6.15772627E-05
3.64037844E-01  1.68002961E-05  -1.26948064E-03
3.65365192E-01  -8.11352196E-05  2.32729006E-04
3.66692473E-01  1.42662342E-05  -9.91394521E-05
3.68019686E-01  1.49111963E-04  1.04270468E-04
3.69346833E-01  2.91625190E-05  4.92429489E-05
3.70673911E-01  1.34457059E-04  7.67325864E-05
3.72000922E-01  -1.78920424E-05  9.67147980E-05
3.73327866E-01  2.10701701E-04  8.28430040E-05
3.74654740E-01  -1.01571615E-04  6.19048709E-05
3.75981547E-01  -9.30334975E-05  1.84216644E-04
3.77308284E-01  -8.73047067E-05  9.89996164E-05
3.78634953E-01  -3.43491735E-05  7.90615408E-05
3.79961552E-01  1.63613371E-07  3.03008253E-07
3.81288082E-01  2.42725806E-04  1.00800589E-04
3.82614543E-01  -6.36358618E-05  2.60264533E-04
3.83940933E-01  2.96917889E-05  4.15474290E-05
3.85267254E-01  -4.51916651E-05  1.02019628E-04
3.86593504E-01  -2.11229747E-05  1.00973675E-03
3.87919683E-01  -9.28519196E-05  8.71824396E-05
3.89245791E-01  4.08594221E-05  -1.49472930E-03
3.90571829E-01  -1.04287871E-04  9.01004287E-05
3.91897795E-01  -5.24751110E-06  2.86747735E-05
3.93223690E-01  -5.28222837E-07  8.01209180E-06
3.94549512E-01  -9.08492181E-06  -1.59247881E-04
3.95875263E-01  1.06970492E-05  1.11070537E-05
3.97200941E-01  3.91106918E-05  5.62014836E-05
3.98526547E-01  5.86445145E-05  1.73918240E-04
3.99852081E-01  -1.63382757E-04  8.93970873E-05
4.01177541E-01  -2.47746642E-05  1.49814060E-03
4.02502928E-01  3.53989245E-05  4.10815301E-05
4.03828242E-01  -3.57555173E-05  -4.46659804E-04
4.05153481E-01  -6.45649775E-06  -3.25393996E-05
4.06478647E-01  4.50935677E-05  4.83741669E-05
4.07803739E-01  1.58140543E-04  1.05109854E-04
4.09128757E-01  -5.31772317E-05  9.83618608E-05
4.10453700E-01  -1.28697701E-04  9.50771660E-05
4.11778568E-01  3.03136170E-05  2.94218066E-05
4.13103361E-01  -7.11382392E-05  5.03430853E-04
4.14428078E-01  1.39290844E-04  1.66433414E-04
4.15752720E-01  8.38241946E-06  1.20028976E-05
4.17077287E-01  -1.71655979E-05  -2.42017001E-05
4.18401777E-01  -4.44442710E-05  1.43328438E-04
4.19726191E-01  2.34267222E-05  6.78377786E-05
4.21050528E-01  1.74126452E-05  3.75650220E-05
4.22374789E-01  -1.39226812E-05  2.53280770E-05
4.23698973E-01  7.73015963E-07  2.42518710E-06
4.25023079E-01  -3.79979498E-05  1.19508827E-04
4.26347108E-01  1.58084829E-05  9.30142195E-05
4.27671060E-01  3.94294098E-05  -2.32508273E-04
4.28994934E-01  2.14039825E-04  9.27264266E-05
4.30318729E-01  2.02298970E-05  2.93494964E-05
4.31642446E-01  -4.38604306E-06  -1.10505805E-05
4.32966085E-01  -1.99660572E-05  3.04581231E-05
4.34289644E-01  9.14848130E-06  -3.46034228E-05
4.35613125E-01  -1.56832513E-04  1.40114456E-04
4.36936526E-01  5.04036077E-05  7.16458638E-05
4.38259848E-01  -2.26372156E-05  -2.96075057E-04
4.39583090E-01  -1.87996474E-05  1.70304882E-04
4.40906252E-01  -1.09710208E-04  8.93087337E-05
4.42229334E-01  -1.92184697E-05  -7.32658867E-05
4.43552335E-01  9.77463641E-05  9.58260886E-05
4.44875255E-01  -1.57224268E-04  1.25609579E-04
4.46198095E-01  7.73785768E-05  9.00397691E-05
4.47520853E-01  -4.22140460E-05  6.49054975E-05
4.48843531E-01  1.46280351E-04  9.39887912E-05
4.50166126E-01  -1.04376442E-04  3.97775983E-04
4.51488640E-01  1.94013517E-04  1.30218260E-04
4.52811071E-01  -1.61371503E-04  1.41639474E-04
4.54133420E-01  -6.23752239E-05  1.01941997E-04
4.55455687E-01  -8.37457691E-05  1.02108564E-04
4.56777871E-01  -6.37300006E-05  2.07823293E-04
4.58099971E-01  -6.08542100E-05  -1.49712307E-03
4.59421989E-01  -6.51783882E-05  1.06608534E-04
4.60743923E-01  1.11582844E-04  9.07983436E-05
4.62065773E-01  -7.51848447E-05  1.42846282E-04
4.63387539E-01  -1.33478720E-04  1.23861248E-04
4.64709222E-01  2.49192767E-05  3.83697989E-05
4.66030819E-01  -3.57214898E-05  8.48168643E-04
4.67352332E-01  6.19836949E-05  6.97601108E-05
4.68673761E-01  -4.89306033E-05  9.02951919E-05
4.69995104E-01  2.16299281E-05  2.50413108E-04
4.71316361E-01  1.56129228E-04  1.45333793E-04
4.72637534E-01  -8.51425003E-05  2.07341179E-04
4.73958620E-01  2.01362304E-05  6.15345859E-05
4.75279620E-01  3.95031724E-05  9.94374262E-05
4.76600534E-01  2.39418806E-04  1.58765675E-04
4.77921362E-01  -8.94470639E-05  1.43022017E-04
4.79242103E-01  -4.13195662E-05  8.39816531E-05
4.80562757E-01  8.42070653E-05  9.15013785E-05
4.81883323E-01  1.41388474E-04  1.38150208E-04
4.83203803E-01  -1.60801842E-04  1.90508319E-04
4.84524194E-01  1.48316344E-04  1.25190493E-04
4.85844498E-01  -2.81213073E-04  1.13637052E-04
4.87164714E-01  1.72001132E-05  4.40996960E-05
4.88484841E-01  -5.55647102E-05  2.87893320E-04
4.89804880E-01  -2.18974045E-05  4.07495074E-05
4.91124830E-01  -1.82918912E-04  1.85965035E-04
4.92444691E-01  -9.20129631E-05  1.02128977E-04
4.93764462E-01  -4.55563196E-05  1.12618403E-04
4.95084144E-01  2.87943327E-04  1.80528954E-04
4.96403737E-01  4.99390998E-05  3.93699832E-04
4.97723239E-01  9.29049416E-05  1.01655985E-04
4.99042652E-01  7.90423002E-06  -1.59137997E-04
5.00361973E-01  1.90493669E-04  2.88038138E-04
5.01681205E-01  -4.14842412E-05  9.73437558E-05
5.03000345E-01  -1.96696763E-04  2.74196005E-04
5.04319394E-01  2.21859420E-04  2.60126818E-04
5.05638352E-01  7.07344897E-05  9.53120595E-05
5.06957219E-01  4.57240716E-05  1.82488888E-04
5.08275993E-01  -9.37521305E-05  1.12597697E-04
5.09594676E-01  -4.79328979E-05  -4.09572244E-04
5.10913266E-01  1.12486883E-04  1.25025599E-04
5.12231764E-01  3.89792650E-05  -8.98450880E-05
5.13550170E-01  -2.50091199E-04  1.49378467E-04
5.14868482E-01  -7.91844552E-05  4.48772332E-04
5.16186701E-01  2.21119059E-04  1.65310547E-04
5.17504827E-01  -2.90382609E-04  2.39345621E-04
5.18822859E-01  -1.10499230E-04  2.35691127E-04
5.20140797E-01  1.04913605E-04  1.49314531E-04
5.21458641E-01  -2.16910452E-04  1.45224929E-04
5.22776391E-01  -4.01831098E-04  2.08130670E-04
5.24094047E-01  -4.00797893E-04  2.37655438E-04
5.25411608E-01  1.20680193E-04  4.86019765E-04
5.26729073E-01  -1.02022541E-04  2.78768996E-04
5.28046444E-01  1.07587037E-04  2.61108497E-04
5.29363719E-01  -3.72221312E-04  3.96902365E-04
5.30680898E-01  3.22203077E-04  2.36743517E-04
5.31997982E-01  -5.13452006E-05  5.15482371E-04
5.33314969E-01  -1.12338557E-04  1.84887506E-04
5.34631861E-01  1.63645007E-04  1.90054366E-04
5.35948655E-01  6.58338279E-04  2.98608966E-04
5.37265353E-01  2.79991017E-04  4.52273177E-04
5.38581954E-01  -2.10272713E-04  3.23120021E-04
5.39898457E-01  4.65953667E-04  3.83424810E-04
5.41214863E-01  3.27829345E-04  2.75546939E-04
5.42531172E-01  -1.23203564E-04  3.05061932E-04
5.43847382E-01  -1.42183703E-04  5.07458508E-04
5.45163494E-01  5.34427674E-04  3.70996322E-04
5.46479508E-01  -1.26665604E-04  3.67454274E-04
5.47795424E-01  3.51469883E-04  4.30242169E-04
5.49111240E-01  -3.17384739E-04  2.88374437E-03
5.50426957E-01  1.00455286E-03  4.43536216E-04
5.51742576E-01  5.33223836E-05  1.57564042E-04
5.53058094E-01  3.79655594E-04  3.35702339E-04
5.54373513E-01  2.06714595E-04  2.96347629E-04
5.55688832E-01  1.41287521E-04  1.58005651E-04
5.57004051E-01  -8.76698185E-05  -5.11992777E-04
5.58319169E-01  1.19057308E-04  -1.29900736E-03
5.59634187E-01  6.41636048E-04  9.07171862E-04
5.60949104E-01  4.67950205E-04  4.99850469E-04
5.62263920E-01  5.74744495E-04  4.82367469E-04
5.63578635E-01  4.04958442E-04  1.90716946E-03
5.64893248E-01  8.01869677E-05  9.62545386E-05
5.66207759E-01  -2.04256222E-04  9.77331166E-04
5.67522168E-01  -6.44542530E-04  6.87606010E-04
5.68836475E-01  -5.01927780E-04  6.59644774E-04
5.70150680E-01  -1.23928154E-04  5.24821451E-04
5.71464782E-01  -7.03631893E-04  4.88975612E-04
5.72778781E-01  5.02218367E-04  9.61266516E-04
5.74092677E-01  1.12503805E-04  4.16347987E-04
5.75406470E-01  5.90165426E-04  6.05724147E-04
5.76720159E-01  3.35321930E-04  1.60491355E-03
5.78033745E-01  4.87682605E-04  1.04225841E-03
5.79347226E-01  -7.72420419E-04  4.72185890E-04
5.80660603E-01  2.17850529E-03  4.87182204E-03


### HEADER:
#
#{
#    "analysis": {},
#    "filename": "S_02489_A1_BSA_10_044_c.dat",
#    "history": {
#        "baseline_correction": {
#            "initial_file": [
#                "S_02489_A1_BSA_10_044_c.dat",
#                {
#                    "subtraction": {
#                        "initial_file": [
#                            "02489_A1_BSA_10_044_c.dat"
#                        ],
#                        "subtracted_file": [
#                            "A_02489_A1_BSA_10_225_c.dat",
#                            {
#                                "averaged_files": [
#                                    [
#                                        "02489_A1_BSA_10_225_c.dat"
#                                    ],
#                                    [
#                                        "02489_A1_BSA_10_226_c.dat"
#                                    ],
#                                    [
#                                        "02489_A1_BSA_10_227_c.dat"
#                                    ],
#                                    [
#                                        "02489_A1_BSA_10_228_c.dat"
#                                    ],
#                                    [
#                                        "02489_A1_BSA_10_229_c.dat"
#                                    ],
#                                    [
#                                        "02489_A1_BSA_10_230_c.dat"
#                                    ],
#                                    [
#                                        "02489_A1_BSA_10_231_c.dat"
#                                    ],
#                                    [
#                                        "02489_A1_BSA_10_232_c.dat"
#                                    ],
#                                    [
#                                        "02489_A1_BSA_10_233_c.dat"
#                                    ],
#                                    [
#                                        "02489_A1_BSA_10_234_c.dat"
#                                    ],
#                                    [
#                                        "02489_A1_BSA_10_235_c.dat"
#                                    ],
#                                    [
#                                        "02489_A1_BSA_10_236_c.dat"
#                                    ],
#                                    [
#                                        "02489_A1_BSA_10_237_c.dat"
#                                    ],
#                                    [
#                                        "02489_A1_BSA_10_238_c.dat"
#                                    ],
#                                    [
#                                        "02489_A1_BSA_10_239_c.dat"
#                                    ],
#                                    [
#                                        "02489_A1_BSA_10_240_c.dat"
#                                    ],
#                                    [
#                                        "02489_A1_BSA_10_241_c.dat"
#                                    ],
#                                    [
#                                        "02489_A1_BSA_10_242_c.dat"
#                                    ],
#                                    [
#                                        "02489_A1_BSA_10_243_c.dat"
#                                    ]
#                                ]
#                            }
#                        ]
#                    }
#                }
#            ],
#            "type": "Linear"
#        }
#    }
#}

