### DATA:
#
# 430
#      Q             I(Q)           Error     
1.06922151E-02  5.81182545E-04  -4.00699509E-03
1.20287357E-02  4.99198954E-04  6.19602171E-03
1.33652541E-02  -5.21917511E-04  1.02464814E-03
1.47017700E-02  -3.20384800E-04  1.21151321E-03
1.60382831E-02  8.65153142E-05  -2.70755320E-04
1.73747933E-02  5.47187769E-04  8.27251224E-04
1.87113003E-02  4.16913708E-04  7.78422945E-04
2.00478039E-02  -4.56459993E-04  2.89153339E-04
2.13843037E-02  1.64215924E-04  1.05716832E-03
2.27207996E-02  1.38290921E-04  5.10335327E-03
2.40572913E-02  7.34023460E-04  4.31355278E-04
2.53937785E-02  -4.16599207E-05  1.44164235E-03
2.67302610E-02  3.37325136E-04  3.72662680E-04
2.80667386E-02  1.54520403E-04  4.52557677E-04
2.94032110E-02  -6.32355292E-05  1.08117711E-04
3.07396780E-02  -5.04911111E-04  2.07668804E-04
3.20761393E-02  -1.15578140E-04  1.41489717E-04
3.34125946E-02  -2.57965568E-04  2.52919624E-04
3.47490438E-02  -1.87612873E-04  1.74847213E-04
3.60854865E-02  -3.29923361E-04  2.26729026E-04
3.74219226E-02  1.12282676E-04  2.86357680E-04
3.87583518E-02  2.80193768E-04  2.63136917E-04
4.00947738E-02  1.62397704E-04  2.09116830E-04
4.14311883E-02  -2.16706337E-04  1.70398026E-04
4.27675953E-02  5.37746997E-07  -3.51208692E-06
4.41039943E-02  1.14146479E-04  1.77199000E-04
4.54403851E-02  -3.51903566E-05  -5.76251207E-04
4.67767676E-02  -9.08865163E-05  -1.98927440E-03
4.81131414E-02  1.38595797E-04  3.45279978E-04
4.94495063E-02  1.22542713E-04  2.42399529E-04
5.07858621E-02  -1.15742193E-04  3.85842817E-04
5.21222085E-02  8.11333049E-05  1.30051176E-04
5.34585452E-02  6.08844488E-05  1.58337549E-04
5.47948721E-02  -1.51219864E-04  2.13575933E-04
5.61311889E-02  -1.56851659E-04  1.23848243E-04
5.74674952E-02  8.02047903E-05  -3.36655833E-04
5.88037910E-02  2.59777950E-04  2.60450856E-04
6.01400758E-02  -6.65970079E-05  8.20335887E-05
6.14763496E-02  7.71572165E-05  -1.71576807E-04
6.28126120E-02  -4.24168559E-06  -6.59368355E-05
6.41488628E-02  3.53560481E-05  7.30798466E-05
6.54851017E-02  -4.12188422E-05  -1.16610213E-04
6.68213285E-02  1.24694281E-04  4.57968431E-04
6.81575430E-02  -4.80150574E-06  -2.47805351E-05
6.94937449E-02  -2.07223416E-04  1.18697591E-04
7.08299339E-02  9.60785830E-05  6.05452155E-03
7.21661098E-02  -7.41939641E-05  1.40472938E-04
7.35022724E-02  1.70568409E-04  3.04515664E-04
7.48384215E-02  7.29350784E-05  1.68147753E-04
7.61745566E-02  1.07575603E-04  1.16401970E-04
7.75106778E-02  -5.59594498E-06  1.49160837E-05
7.88467845E-02  -3.20141994E-05  2.51877549E-04
8.01828767E-02  1.10037590E-04  7.77565490E-04
8.15189541E-02  -1.68458534E-04  2.63931947E-04
8.28550165E-02  1.74616903E-04  1.51978498E-04
8.41910635E-02  1.80849750E-04  1.74619055E-04
8.55270949E-02  7.39624543E-05  9.00862963E-05
8.68631106E-02  1.12405447E-06  -2.37660649E-05
8.81991102E-02  6.07725662E-05  -5.86896806E-03
8.95350935E-02  -1.25744174E-04  1.25048519E-04
9.08710603E-02  1.16320292E-04  1.61914924E-04
9.22070102E-02  8.41748141E-05  1.90709561E-04
9.35429432E-02  1.55094361E-04  1.74253384E-04
9.48788588E-02  2.54756569E-04  1.61242222E-04
9.62147569E-02  1.00373399E-04  5.59194164E-04
9.75506373E-02  -5.41049355E-05  1.20955582E-04
9.88864996E-02  -2.50499880E-05  -4.17357977E-04
1.00222344E-01  -6.39090320E-05  6.46562332E-05
1.01558169E-01  1.99565468E-04  1.41286608E-04
1.02893976E-01  1.36970477E-04  1.30972942E-04
1.04229764E-01  -2.59803885E-04  1.31131020E-04
1.05565532E-01  -4.95327860E-05  -3.48127816E-04
1.06901281E-01  -5.10397438E-05  5.37547508E-05
1.08237011E-01  5.11646846E-05  2.43374719E-04
1.09572720E-01  -1.81041795E-04  9.49107361E-05
1.10908409E-01  -1.06376125E-05  1.73324962E-05
1.12244077E-01  -9.14830675E-06  1.60815166E-05
1.13579725E-01  3.79902161E-05  3.18944414E-04
1.14915352E-01  -1.92982812E-04  8.88119017E-05
1.16250958E-01  -3.88944566E-05  1.23552636E-04
1.17586542E-01  1.19222596E-05  3.40547541E-05
1.18922104E-01  4.88908589E-06  -6.03440934E-05
1.20257645E-01  -3.32052036E-05  7.43425073E-05
1.21593163E-01  1.53590087E-04  1.12384019E-04
1.22928659E-01  1.94729060E-06  -5.80853101E-06
1.24264132E-01  -7.58503584E-05  3.74346318E-04
1.25599582E-01  1.52838499E-04  1.45230294E-04
1.26935009E-01  -3.44734581E-05  7.16350820E-05
1.28270412E-01  4.72326738E-05  -7.41118623E-04
1.29605792E-01  -1.80588447E-04  8.24162750E-05
1.30941148E-01  4.78639325E-05  -8.21343480E-04
1.32276480E-01  -6.05793266E-05  1.18352347E-04
1.33611787E-01  -8.21397485E-05  1.00735738E-04
1.34947070E-01  -6.57792021E-05  4.77914574E-05
1.36282327E-01  -1.66191595E-05  4.37711766E-05
1.37617560E-01  -2.22549734E-05  5.22782659E-04
1.38952767E-01  5.56843554E-05  9.74997111E-05
1.40287948E-01  2.75953900E-05  6.18891073E-05
1.41623104E-01  -1.01963848E-05  3.48459275E-05
1.42958234E-01  6.51370321E-05  2.39023366E-04
1.44293337E-01  -8.59912579E-06  2.85829551E-05
1.45628413E-01  1.20599106E-04  1.22033152E-04
1.46963463E-01  4.75423135E-05  -1.17870836E-04
1.48298485E-01  -1.82598560E-04  8.71377261E-05
1.49633480E-01  -5.30276144E-05  9.13113591E-05
1.50968447E-01  5.54715869E-05  7.62459714E-04
1.52303387E-01  6.48857358E-05  2.21547867E-04
1.53638298E-01  -5.23755519E-05  6.32940826E-05
1.54973182E-01  -1.10213018E-04  8.58990739E-05
1.56308036E-01  -8.57751722E-05  6.90251763E-05
1.57642862E-01  1.78114872E-04  1.64872666E-04
1.58977658E-01  1.59457383E-04  9.09860285E-05
1.60312426E-01  -2.78585604E-05  2.11843390E-05
1.61647163E-01  9.78390619E-05  1.37260014E-04
1.62981871E-01  -1.92474268E-04  7.93226138E-05
1.64316549E-01  -5.56526773E-05  4.82543157E-05
1.65651196E-01  6.69428147E-05  3.07372182E-04
1.66985813E-01  -5.64540205E-05  5.98353872E-05
1.68320399E-01  3.50536170E-05  1.94337527E-04
1.69654954E-01  7.66143216E-05  4.71110375E-04
1.70989478E-01  1.13674046E-04  1.90566939E-04
1.72323970E-01  -5.66614618E-05  6.12880377E-05
1.73658431E-01  -4.83755298E-05  6.24470852E-05
1.74992859E-01  -1.70933574E-05  1.01351756E-04
1.76327255E-01  -6.36091852E-05  4.85883087E-05
1.77661619E-01  1.08518751E-04  1.77002023E-04
1.78995950E-01  8.79734695E-06  -2.38003760E-05
1.80330247E-01  1.85468389E-04  1.49657919E-04
1.81664512E-01  2.24331317E-05  9.54605916E-05
1.82998743E-01  -2.91657728E-05  1.17636399E-04
1.84332940E-01  1.39046827E-04  1.55986727E-04
1.85667104E-01  1.16157051E-05  2.39266997E-04
1.87001233E-01  7.39605031E-06  -6.60591920E-05
1.88335327E-01  -1.80917307E-06  4.48105764E-06
1.89669387E-01  8.68277374E-05  1.94478405E-04
1.91003412E-01  6.18261417E-05  1.17242603E-04
1.92337402E-01  4.53194313E-05  1.50834671E-04
1.93671356E-01  9.84274786E-05  1.16693651E-04
1.95005275E-01  1.83485657E-05  -6.77385561E-05
1.96339157E-01  5.90391375E-05  4.22074693E-04
1.97673004E-01  3.16075386E-05  3.82951733E-04
1.99006814E-01  1.22253622E-04  1.67937499E-04
2.00340587E-01  -2.32101161E-04  7.80201321E-05
2.01674324E-01  -9.68312092E-05  6.00845730E-05
2.03008023E-01  -1.08127520E-04  6.53614540E-05
2.04341685E-01  -1.43146447E-04  8.35181358E-05
2.05675309E-01  -2.44382884E-06  7.51874535E-06
2.07008895E-01  -4.12325884E-05  4.28575548E-05
2.08342443E-01  2.01860132E-05  -5.59316727E-05
2.09675953E-01  -1.92633659E-04  9.78789268E-05
2.11009424E-01  1.20473575E-04  1.77188721E-04
2.12342856E-01  1.74477411E-05  -4.11702479E-05
2.13676249E-01  -2.00740239E-04  9.30983401E-05
2.15009603E-01  7.49518079E-05  1.05389328E-04
2.16342917E-01  -6.27859550E-05  9.05523621E-05
2.17676192E-01  -1.49650901E-05  1.15488482E-04
2.19009426E-01  -2.04296353E-05  3.49153601E-05
2.20342620E-01  -1.55872440E-04  8.48754372E-05
2.21675773E-01  9.12948870E-05  2.64601565E-04
2.23008885E-01  1.12553738E-04  9.71763530E-05
2.24341957E-01  6.12510416E-06  -5.19307172E-06
2.25674987E-01  -2.03296624E-05  4.01429559E-05
2.27007976E-01  1.80264740E-04  1.60787075E-04
2.28340922E-01  -9.37561445E-06  1.72684574E-05
2.29673827E-01  -1.92643866E-04  8.11362424E-05
2.31006689E-01  4.41573615E-05  1.11872990E-04
2.32339509E-01  9.98126274E-05  8.86170441E-05
2.33672286E-01  5.36318385E-05  1.33014826E-04
2.35005021E-01  1.65359185E-06  9.02433007E-06
2.36337711E-01  -3.49179192E-05  4.38024305E-05
2.37670359E-01  -4.15837979E-05  4.99995047E-05
2.39002962E-01  4.78968158E-05  1.12742866E-04
2.40335522E-01  1.31508179E-04  1.45095189E-04
2.41668037E-01  2.76994015E-05  2.81892899E-03
2.43000508E-01  -9.01983938E-05  6.03509257E-05
2.44332934E-01  1.49057383E-04  1.05853888E-04
2.45665316E-01  -1.10772297E-04  5.17066054E-05
2.46997652E-01  -1.64314146E-04  8.89448335E-05
2.48329942E-01  -8.79958035E-05  5.96660646E-05
2.49662187E-01  -6.29138567E-05  8.26387770E-05
2.50994386E-01  -4.90191725E-05  4.11547315E-05
2.52326539E-01  -1.69847297E-05  3.61836746E-05
2.53658646E-01  -7.31911783E-05  5.37628099E-05
2.54990705E-01  -1.12544451E-05  4.89518936E-05
2.56322718E-01  -1.96417041E-05  8.82927849E-05
2.57654684E-01  3.37657906E-05  6.12264152E-04
2.58986602E-01  -1.10787042E-04  9.05358748E-05
2.60318473E-01  5.05212346E-05  -2.39630583E-04
2.61650296E-01  -1.18441610E-05  5.06156377E-05
2.62982071E-01  -6.16612987E-06  2.45879437E-05
2.64313797E-01  -2.06259624E-04  7.74310534E-05
2.65645475E-01  -1.70381141E-05  3.03704210E-05
2.66977104E-01  -1.29500752E-05  2.64003512E-05
2.68308684E-01  1.30803008E-05  -2.66697033E-05
2.69640214E-01  -3.09718652E-05  3.08131047E-05
2.70971695E-01  -3.36192463E-05  3.96196713E-05
2.72303126E-01  5.18917784E-05  3.38949712E-04
2.73634508E-01  -5.77993986E-06  1.16749212E-05
2.74965838E-01  1.09437950E-04  1.51446072E-04
2.76297119E-01  4.91485671E-05  1.45770700E-04
2.77628348E-01  1.42322306E-04  9.25277835E-05
2.78959527E-01  -1.40009102E-05  2.16895090E-05
2.80290654E-01  1.28832426E-04  9.42660335E-05
2.81621730E-01  -4.00348508E-05  3.61319657E-05
2.82952754E-01  1.57589038E-04  8.51904648E-05
2.84283726E-01  1.07488968E-04  1.07800865E-04
2.85614646E-01  -2.55456456E-05  -4.19005064E-04
2.86945514E-01  -3.61081945E-05  2.39157426E-05
2.88276328E-01  4.06902124E-05  -5.91829519E-04
2.89607090E-01  -8.63586443E-05  6.70518782E-05
2.90937799E-01  1.21679977E-04  1.58693429E-04
2.92268454E-01  3.63016912E-05  -1.63431500E-04
2.93599055E-01  -2.03407304E-05  7.95571089E-05
2.94929603E-01  1.50237262E-04  1.10548969E-04
2.96260097E-01  3.30352048E-05  1.81626008E-04
2.97590536E-01  1.28944179E-04  8.31465879E-05
2.98920920E-01  5.01053783E-05  6.07823538E-05
3.00251250E-01  -8.25059099E-05  5.89032487E-05
3.01581524E-01  -2.23488872E-05  4.17123208E-05
3.02911743E-01  7.16813277E-05  1.80241814E-03
3.04241907E-01  9.57852588E-06  -2.82928478E-05
3.05572015E-01  2.66909526E-05  -1.06366486E-04
3.06902066E-01  -4.09639744E-05  4.38068101E-05
3.08232062E-01  -4.75713129E-05  6.68017601E-05
3.09562000E-01  2.14315583E-05  -9.07054821E-05
3.10891882E-01  -2.27625528E-05  2.35107647E-05
3.12221707E-01  -6.78957882E-05  4.49037877E-05
3.13551475E-01  4.86487805E-05  1.08827878E-03
3.14881185E-01  1.41532413E-04  9.70293808E-05
3.16210838E-01  2.08923318E-05  -3.80957343E-05
3.17540432E-01  3.65169594E-05  3.36695454E-04
3.18869968E-01  3.93297322E-06  1.80880297E-05
3.20199446E-01  6.69731979E-05  9.99504523E-05
3.21528865E-01  -6.11798215E-05  6.55749422E-05
3.22858225E-01  -1.07841592E-04  9.07114002E-05
3.24187526E-01  -9.41203910E-06  2.70766114E-05
3.25516768E-01  -4.28962459E-05  4.69052399E-05
3.26845949E-01  8.25242035E-05  2.87176077E-04
3.28175071E-01  -1.98618574E-05  4.02770990E-05
3.29504133E-01  -3.51415410E-05  5.53206612E-05
3.30833134E-01  2.23826004E-05  -3.68527103E-05
3.32162075E-01  1.41434932E-05  3.27211929E-05
3.33490955E-01  7.85071819E-05  9.64073321E-05
3.34819774E-01  1.77717341E-06  -9.01931860E-06
3.36148531E-01  1.23066739E-06  -2.23039397E-06
3.37477227E-01  2.86625026E-05  1.54621389E-04
3.38805861E-01  -9.64327489E-06  1.14586621E-05
3.40134433E-01  -5.71352720E-05  5.34790762E-05
3.41462943E-01  8.61719432E-05  8.15117593E-05
3.42791390E-01  6.92363457E-05  9.35500045E-04
3.44119774E-01  -4.71115632E-05  5.26516239E-05
3.45448095E-01  7.76773362E-05  1.98236733E-04
3.46776353E-01  5.53991673E-05  6.62658938E-05
3.48104548E-01  2.44803204E-05  2.35804805E-04
3.49432679E-01  1.80978426E-05  -4.07372787E-05
3.50760746E-01  6.66285318E-05  5.31046077E-04
3.52088749E-01  -8.25320715E-05  1.00568688E-04
3.53416687E-01  6.24894432E-05  2.61640554E-03
3.54744560E-01  -8.87091390E-05  5.71532609E-05
3.56072369E-01  -1.33530135E-04  4.77878622E-05
3.57400112E-01  1.12074764E-04  1.10532525E-04
3.58727791E-01  -3.16175337E-05  4.36571206E-05
3.60055403E-01  -8.88473271E-05  5.15227083E-05
3.61382950E-01  -1.47368404E-04  6.47206665E-05
3.62710430E-01  -1.10228723E-05  2.30329593E-05
3.64037844E-01  1.34016777E-04  1.68234117E-04
3.65365192E-01  2.17887257E-05  1.37380346E-04
3.66692473E-01  1.14664620E-04  2.49051395E-04
3.68019686E-01  -6.64678338E-05  6.70652159E-05
3.69346833E-01  8.88704802E-05  1.09507731E-04
3.70673911E-01  7.70689417E-06  -4.97145535E-05
3.72000922E-01  4.52748047E-05  4.50924878E-04
3.73327866E-01  5.70037395E-05  1.00660312E-04
3.74654740E-01  6.38286723E-05  -1.62470001E-04
3.75981547E-01  7.78235449E-05  8.79437495E-05
3.77308284E-01  -8.07745607E-05  5.15050634E-05
3.78634953E-01  -2.79983074E-05  4.74456832E-05
3.79961552E-01  9.33191637E-05  1.19349418E-04
3.81288082E-01  1.37269512E-04  1.05243906E-04
3.82614543E-01  -5.84181346E-05  7.70554392E-05
3.83940933E-01  1.11138388E-04  1.23466699E-04
3.85267254E-01  1.36560934E-04  1.69049992E-04
3.86593504E-01  4.71841809E-05  -3.41301209E-04
3.87919683E-01  4.87969830E-05  -9.35120389E-04
3.89245791E-01  -1.72358530E-04  5.04493875E-05
3.90571829E-01  1.51592911E-04  1.17703647E-04
3.91897795E-01  -2.20175316E-05  2.90207348E-05
3.93223690E-01  6.31399643E-06  -3.07661501E-05
3.94549512E-01  8.48515407E-05  1.40000201E-04
3.95875263E-01  5.68026690E-05  4.51346591E-05
3.97200941E-01  -1.09459356E-04  8.21201812E-05
3.98526547E-01  1.70035637E-04  1.53697755E-04
3.99852081E-01  -7.74250758E-05  6.84441981E-05
4.01177541E-01  -7.43669689E-05  5.99327382E-05
4.02502928E-01  8.22068989E-05  9.84472998E-05
4.03828242E-01  6.86934901E-06  2.23924202E-05
4.05153481E-01  -7.04089248E-05  6.40833480E-05
4.06478647E-01  1.35961251E-06  4.97786896E-05
4.07803739E-01  3.61613486E-05  -3.29339363E-04
4.09128757E-01  1.22758563E-05  -3.22870725E-05
4.10453700E-01  7.52073145E-05  1.83966060E-04
4.11778568E-01  6.39624017E-05  4.19564970E-04
4.13103361E-01  9.45744258E-06  2.10867356E-04
4.14428078E-01  2.49639521E-04  1.51670790E-04
4.15752720E-01  1.79213211E-06  1.39804720E-05
4.17077287E-01  1.46028447E-04  8.08139464E-05
4.18401777E-01  4.36254117E-05  -1.89776184E-04
4.19726191E-01  9.92854457E-05  1.51549411E-04
4.21050528E-01  1.23781667E-04  1.01821443E-04
4.22374789E-01  5.50075637E-05  1.80580296E-04
4.23698973E-01  4.26047010E-05  1.38513047E-04
4.25023079E-01  2.00088081E-04  1.61387079E-04
4.26347108E-01  6.99311298E-05  3.05522209E-04
4.27671060E-01  3.69920885E-06  -7.84649790E-06
4.28994934E-01  -1.99226934E-05  3.15868699E-05
4.30318729E-01  2.51163612E-04  1.16853618E-04
4.31642446E-01  1.33865198E-04  1.09646394E-04
4.32966085E-01  2.33208524E-04  1.37784399E-04
4.34289644E-01  3.46600913E-05  6.47461797E-04
4.35613125E-01  4.56653780E-05  -1.16258804E-03
4.36936526E-01  4.32689358E-05  -4.28742859E-04
4.38259848E-01  1.94435783E-04  1.24172648E-04
4.39583090E-01  5.72832031E-06  -5.90947404E-05
4.40906252E-01  -3.20605543E-05  2.90492039E-05
4.42229334E-01  6.80504116E-05  4.30797733E-04
4.43552335E-01  5.78419598E-05  1.06289177E-04
4.44875255E-01  -1.09376979E-04  8.90620617E-05
4.46198095E-01  1.64477066E-05  -5.37119654E-05
4.47520853E-01  4.30182945E-05  1.90501372E-04
4.48843531E-01  1.26878004E-04  1.06861948E-04
4.50166126E-01  2.47757320E-04  1.13799344E-04
4.51488640E-01  2.90737128E-05  -6.54916242E-05
4.52811071E-01  1.01291323E-05  -1.94056218E-05
4.54133420E-01  4.43460195E-05  -7.40798240E-05
4.55455687E-01  -1.07152953E-04  1.47846854E-04
4.56777871E-01  -5.76539036E-05  6.97016203E-05
4.58099971E-01  4.51790991E-05  -3.00513077E-02
4.59421989E-01  6.80788028E-05  -2.71572629E-02
4.60743923E-01  7.50023040E-05  1.03474467E-04
4.62065773E-01  1.12287996E-04  1.61115438E-04
4.63387539E-01  -3.30802127E-05  3.89066718E-05
4.64709222E-01  -3.09691016E-05  1.16433099E-04
4.66030819E-01  -2.32886006E-05  -4.97563397E-04
4.67352332E-01  7.80399133E-05  8.19022608E-05
4.68673761E-01  1.50015921E-05  4.20991647E-04
4.69995104E-01  -3.32373734E-05  1.69625960E-04
4.71316361E-01  -2.73767131E-05  9.62954427E-05
4.72637534E-01  1.26819579E-04  1.37543775E-04
4.73958620E-01  -9.59580954E-05  1.31368908E-04
4.75279620E-01  -7.47383251E-05  7.01732179E-05
4.76600534E-01  8.72945731E-05  7.75771984E-04
4.77921362E-01  6.61280241E-05  1.42484762E-04
4.79242103E-01  1.64189034E-04  1.61845593E-04
4.80562757E-01  6.05466108E-05  7.28568273E-05
4.81883323E-01  4.55082996E-05  -1.94695212E-02
4.83203803E-01  -4.05254463E-05  6.18705314E-05
4.84524194E-01  5.44330806E-05  2.82717478E-04
4.85844498E-01  1.03892056E-05  -1.32698698E-05
4.87164714E-01  -2.06463172E-04  1.18641876E-04
4.88484841E-01  -5.96531794E-05  5.53519140E-04
4.89804880E-01  -8.51747749E-05  1.16084387E-04
4.91124830E-01  7.79386810E-05  7.56350019E-04
4.92444691E-01  -1.74442964E-04  1.30524916E-04
4.93764462E-01  -1.62556031E-04  1.45709256E-04
4.95084144E-01  -2.02153500E-04  1.00218164E-04
4.96403737E-01  -1.08933301E-04  1.02780577E-04
4.97723239E-01  -1.06202647E-04  1.99072665E-04
4.99042652E-01  -9.91325184E-05  1.12542549E-04
5.00361973E-01  -1.25352906E-04  1.09681933E-04
5.01681205E-01  5.60095005E-05  -1.15118938E-03
5.03000345E-01  4.62367519E-05  -3.02508896E-03
5.04319394E-01  -8.33977113E-05  1.32746439E-04
5.05638352E-01  3.13225726E-04  3.23481616E-04
5.06957219E-01  4.95409388E-04  2.05919341E-04
5.08275993E-01  1.33013971E-04  1.00554582E-03
5.09594676E-01  1.71206566E-04  1.44360051E-04
5.10913266E-01  -4.21284394E-05  2.82532915E-04
5.12231764E-01  -1.60656878E-04  1.74332945E-04
5.13550170E-01  -4.96021676E-05  5.64717759E-05
5.14868482E-01  1.84111458E-04  2.34141068E-04
5.16186701E-01  -7.03917790E-05  3.86633517E-04
5.17504827E-01  2.55829335E-04  2.19360130E-04
5.18822859E-01  3.63363093E-04  2.56166877E-04
5.20140797E-01  -9.99969389E-05  1.97601728E-04
5.21458641E-01  -3.36348058E-04  1.52332244E-04
5.22776391E-01  1.21984006E-04  6.88736857E-04
5.24094047E-01  -2.56374500E-05  1.19518494E-04
5.25411608E-01  4.86469727E-04  3.66704209E-04
5.26729073E-01  1.72544751E-05  9.70791037E-05
5.28046444E-01  5.45089624E-04  4.29372606E-04
5.29363719E-01  1.95435175E-04  1.68905368E-04
5.30680898E-01  2.67238880E-04  2.76905911E-04
5.31997982E-01  -7.96359043E-05  1.20329233E-04
5.33314969E-01  6.78661026E-05  1.45917551E-04
5.34631861E-01  -2.43112678E-05  2.40048776E-04
5.35948655E-01  -3.94150395E-05  2.25332989E-04
5.37265353E-01  -2.79482526E-05  6.06312359E-05
5.38581954E-01  -9.82774545E-05  2.01773196E-04
5.39898457E-01  2.78730634E-04  4.02565628E-04
5.41214863E-01  -1.59818986E-05  -3.34400604E-03
5.42531172E-01  2.08248238E-04  3.82436456E-04
5.43847382E-01  4.16291649E-04  3.53836792E-04
5.45163494E-01  8.95865096E-06  -4.25601095E-04
5.46479508E-01  1.00967881E-04  3.70907420E-03
5.47795424E-01  1.66893900E-05  -5.02006142E-05
5.49111240E-01  1.45535609E-04  2.01803219E-04
5.50426957E-01  3.05632066E-04  4.00028209E-04
5.51742576E-01  3.00012366E-04  3.48321895E-04
5.53058094E-01  2.55155867E-04  4.21484294E-04
5.54373513E-01  4.21350185E-04  5.58951447E-04
5.55688832E-01  5.84281058E-04  3.73577697E-04
5.57004051E-01  5.96219999E-04  5.60402418E-04
5.58319169E-01  -4.28387624E-04  2.33451226E-04
5.59634187E-01  3.51991508E-04  6.47017412E-04
5.60949104E-01  -1.88265166E-04  2.06499321E-04
5.62263920E-01  -1.47936031E-04  8.93572971E-04
5.63578635E-01  -2.04831892E-04  2.20192069E-04
5.64893248E-01  -3.17806302E-04  -3.12979405E-03
5.66207759E-01  7.04597184E-04  9.87729200E-04
5.67522168E-01  6.32011003E-04  7.51123323E-04
5.68836475E-01  -1.28176733E-04  7.00477289E-04
5.70150680E-01  -8.62269701E-04  3.97029864E-04
5.71464782E-01  -4.29895139E-04  3.84818055E-04
5.72778781E-01  -1.52852722E-04  1.08749089E-03
5.74092677E-01  2.06229801E-04  7.03171068E-04
5.75406470E-01  -5.33390898E-04  1.03585753E-03
5.76720159E-01  7.39555683E-04  8.44029150E-04
5.78033745E-01  -5.60158392E-04  3.76980943E-04
5.79347226E-01  -1.75088817E-04  3.51603370E-04
5.80660603E-01  -2.05029997E-04  2.35981013E-04


### HEADER:
#
#{
#    "analysis": {},
#    "filename": "S_02489_A1_BSA_10_345_c.dat",
#    "history": {
#        "baseline_correction": {
#            "initial_file": [
#                "S_02489_A1_BSA_10_345_c.dat",
#                {
#                    "subtraction": {
#                        "initial_file": [
#                            "02489_A1_BSA_10_345_c.dat"
#                        ],
#                        "subtracted_file": [
#                            "A_02489_A1_BSA_10_225_c.dat",
#                            {
#                                "averaged_files": [
#                                    [
#                                        "02489_A1_BSA_10_225_c.dat"
#                                    ],
#                                    [
#                                        "02489_A1_BSA_10_226_c.dat"
#                                    ],
#                                    [
#                                        "02489_A1_BSA_10_227_c.dat"
#                                    ],
#                                    [
#                                        "02489_A1_BSA_10_228_c.dat"
#                                    ],
#                                    [
#                                        "02489_A1_BSA_10_229_c.dat"
#                                    ],
#                                    [
#                                        "02489_A1_BSA_10_230_c.dat"
#                                    ],
#                                    [
#                                        "02489_A1_BSA_10_231_c.dat"
#                                    ],
#                                    [
#                                        "02489_A1_BSA_10_232_c.dat"
#                                    ],
#                                    [
#                                        "02489_A1_BSA_10_233_c.dat"
#                                    ],
#                                    [
#                                        "02489_A1_BSA_10_234_c.dat"
#                                    ],
#                                    [
#                                        "02489_A1_BSA_10_235_c.dat"
#                                    ],
#                                    [
#                                        "02489_A1_BSA_10_236_c.dat"
#                                    ],
#                                    [
#                                        "02489_A1_BSA_10_237_c.dat"
#                                    ],
#                                    [
#                                        "02489_A1_BSA_10_238_c.dat"
#                                    ],
#                                    [
#                                        "02489_A1_BSA_10_239_c.dat"
#                                    ],
#                                    [
#                                        "02489_A1_BSA_10_240_c.dat"
#                                    ],
#                                    [
#                                        "02489_A1_BSA_10_241_c.dat"
#                                    ],
#                                    [
#                                        "02489_A1_BSA_10_242_c.dat"
#                                    ],
#                                    [
#                                        "02489_A1_BSA_10_243_c.dat"
#                                    ]
#                                ]
#                            }
#                        ]
#                    }
#                }
#            ],
#            "type": "Linear"
#        }
#    }
#}

