### DATA:
#
# 430
#      Q             I(Q)           Error     
1.06922151E-02  -4.28928945E-03  2.23742973E-03
1.20287357E-02  4.99252751E-04  3.58903559E-03
1.33652541E-02  2.30855728E-04  1.44480050E-03
1.47017700E-02  7.03156553E-05  1.94445820E-04
1.60382831E-02  1.06402237E-03  7.67279086E-04
1.73747933E-02  1.18060759E-04  3.82818575E-04
1.87113003E-02  -1.97014709E-04  6.99786359E-04
2.00478039E-02  8.57538525E-05  -3.85515623E-04
2.13843037E-02  6.81970826E-04  4.09323416E-04
2.27207996E-02  -9.71826566E-04  4.41929326E-04
2.40572913E-02  2.49592338E-04  2.86439219E-04
2.53937785E-02  3.01122606E-04  3.29347253E-04
2.67302610E-02  -1.26584745E-04  3.29647980E-04
2.80667386E-02  2.64092599E-04  2.64087372E-04
2.94032110E-02  1.00387705E-04  3.20493947E-04
3.07396780E-02  -2.23966679E-04  1.97910563E-04
3.20761393E-02  -6.87404510E-05  1.24880788E-04
3.34125946E-02  -5.18473148E-05  2.69265748E-04
3.47490438E-02  2.01929944E-04  2.40602229E-04
3.60854865E-02  8.13091069E-05  2.06096285E-04
3.74219226E-02  2.15705827E-04  2.13417204E-04
3.87583518E-02  3.18032957E-05  -4.07622721E-04
4.00947738E-02  -1.56592767E-04  2.48345848E-04
4.14311883E-02  1.96297633E-04  2.48295574E-04
4.27675953E-02  5.40679632E-04  2.54156889E-04
4.41039943E-02  -3.32919619E-05  6.33693932E-04
4.54403851E-02  7.25034527E-05  9.01420199E-05
4.67767676E-02  1.24452564E-04  1.33422819E-04
4.81131414E-02  -4.56311228E-05  2.42636025E-04
4.94495063E-02  2.78354761E-04  2.17132231E-04
5.07858621E-02  9.76027120E-05  1.35047680E-04
5.21222085E-02  2.57399651E-05  9.47880303E-05
5.34585452E-02  -1.32030623E-04  2.22810276E-04
5.47948721E-02  1.53378044E-04  1.48342123E-04
5.61311889E-02  -2.77796756E-04  1.66301079E-04
5.74674952E-02  2.33556947E-04  2.45384667E-04
5.88037910E-02  1.50761181E-04  1.99777243E-04
6.01400758E-02  7.15472512E-05  3.51945459E-04
6.14763496E-02  -2.81451421E-05  4.47567930E-05
6.28126120E-02  2.19837160E-04  1.71404661E-04
6.41488628E-02  2.23689408E-04  1.46920995E-04
6.54851017E-02  2.88720374E-04  1.33075552E-04
6.68213285E-02  -4.52616802E-05  2.06059894E-04
6.81575430E-02  5.06438364E-05  7.23312979E-05
6.94937449E-02  1.19524524E-04  2.75106267E-04
7.08299339E-02  -1.52163493E-04  1.06670836E-04
7.21661098E-02  7.41615569E-05  1.52856113E-04
7.35022724E-02  8.72536096E-05  1.31723781E-04
7.48384215E-02  -1.81549481E-04  1.72168654E-04
7.61745566E-02  2.14914768E-04  1.54655954E-04
7.75106778E-02  -2.31250113E-04  1.48274670E-04
7.88467845E-02  -6.61085486E-05  2.54764269E-04
8.01828767E-02  1.48115942E-04  3.28305291E-04
8.15189541E-02  -5.46069369E-05  -3.52006206E-04
8.28550165E-02  1.53355598E-05  4.56045978E-05
8.41910635E-02  1.61604296E-04  1.45455156E-04
8.55270949E-02  -1.85381683E-04  2.97162542E-04
8.68631106E-02  3.44930251E-04  1.80705442E-04
8.81991102E-02  1.61178938E-04  2.17876073E-04
8.95350935E-02  -1.19714371E-04  1.80079157E-04
9.08710603E-02  2.53670483E-04  1.65178156E-04
9.22070102E-02  1.57173688E-04  2.11999791E-04
9.35429432E-02  1.24760272E-04  1.90170394E-04
9.48788588E-02  -2.72093783E-04  1.27931570E-04
9.62147569E-02  2.34018976E-04  1.66317618E-04
9.75506373E-02  1.27544438E-04  1.94628338E-04
9.88864996E-02  1.79559695E-04  1.55142677E-04
1.00222344E-01  -3.22838566E-04  1.04061232E-04
1.01558169E-01  6.25437279E-05  9.74297871E-05
1.02893976E-01  3.08989887E-05  2.39473508E-02
1.04229764E-01  9.70366186E-06  -5.74749755E-04
1.05565532E-01  1.45678922E-05  2.77286623E-05
1.06901281E-01  1.35392618E-04  1.75862569E-04
1.08237011E-01  1.34143300E-05  9.63732708E-05
1.09572720E-01  1.07572529E-04  1.75333808E-04
1.10908409E-01  8.17021566E-05  2.44720454E-04
1.12244077E-01  -6.24619486E-05  9.40794266E-05
1.13579725E-01  -6.49175378E-05  1.62084291E-04
1.14915352E-01  -3.54330975E-05  5.79544414E-05
1.16250958E-01  -4.35306845E-05  1.07874093E-04
1.17586542E-01  3.20000364E-04  1.20089652E-04
1.18922104E-01  2.12146198E-04  1.08893116E-04
1.20257645E-01  7.22494357E-06  4.93223361E-05
1.21593163E-01  -3.04143924E-05  -7.37871378E-04
1.22928659E-01  2.44394756E-04  1.24026535E-04
1.24264132E-01  2.64400818E-04  1.12997800E-04
1.25599582E-01  5.39336533E-05  1.34633857E-04
1.26935009E-01  -2.53557546E-04  1.30404534E-04
1.28270412E-01  -4.91273378E-05  6.36730102E-05
1.29605792E-01  4.87803108E-06  -2.50242272E-05
1.30941148E-01  1.04238047E-04  2.39456276E-04
1.32276480E-01  -5.27418282E-05  5.15036062E-04
1.33611787E-01  4.87174091E-05  7.66435941E-05
1.34947070E-01  -8.86286933E-06  1.87928544E-05
1.36282327E-01  6.92954227E-05  1.35476084E-04
1.37617560E-01  9.14201723E-05  7.14084066E-05
1.38952767E-01  1.82152596E-04  9.61228963E-05
1.40287948E-01  7.42886390E-06  1.31702918E-05
1.41623104E-01  -1.42549881E-04  1.12716757E-04
1.42958234E-01  1.12041945E-04  9.99673571E-05
1.44293337E-01  2.44773534E-05  1.62330748E-04
1.45628413E-01  1.05920132E-04  1.16544694E-04
1.46963463E-01  1.28947630E-04  1.53867307E-04
1.48298485E-01  6.51611829E-05  9.26321473E-05
1.49633480E-01  -2.46692556E-05  2.28192263E-04
1.50968447E-01  1.67208826E-04  1.30020885E-04
1.52303387E-01  -1.71141703E-04  1.03101056E-04
1.53638298E-01  -1.12230166E-04  9.60861777E-05
1.54973182E-01  1.70365133E-04  1.02528871E-04
1.56308036E-01  1.50823346E-04  1.44862979E-04
1.57642862E-01  3.87220308E-05  8.87585219E-05
1.58977658E-01  5.39069574E-05  5.78029112E-05
1.60312426E-01  8.50892436E-05  5.06857301E-04
1.61647163E-01  1.53446499E-04  1.14513624E-04
1.62981871E-01  2.64272361E-04  1.32221032E-04
1.64316549E-01  8.07189905E-05  1.43512307E-04
1.65651196E-01  -5.90923336E-05  1.75619896E-04
1.66985813E-01  1.55684563E-04  1.22906893E-04
1.68320399E-01  -3.14512685E-06  -1.29610901E-05
1.69654954E-01  1.17008335E-04  1.08979337E-04
1.70989478E-01  7.36152187E-05  1.29820905E-04
1.72323970E-01  -6.50779085E-05  8.26480502E-05
1.73658431E-01  -1.53969060E-04  9.55245421E-05
1.74992859E-01  1.31485384E-04  8.91234571E-05
1.76327255E-01  4.95234501E-05  1.32449153E-04
1.77661619E-01  1.15093317E-04  1.05831402E-04
1.78995950E-01  4.71210755E-05  1.16608528E-04
1.80330247E-01  1.41520694E-04  1.25493104E-04
1.81664512E-01  2.64804730E-04  8.98883536E-05
1.82998743E-01  -6.26091512E-05  1.77217073E-04
1.84332940E-01  1.72336392E-05  6.08559173E-04
1.85667104E-01  1.42556610E-04  9.69790302E-05
1.87001233E-01  -3.45097220E-05  9.70817379E-05
1.88335327E-01  7.19730205E-05  1.14291085E-04
1.89669387E-01  4.01401766E-05  1.07665210E-04
1.91003412E-01  -4.36443186E-05  1.31416433E-04
1.92337402E-01  -1.83604595E-05  7.78147793E-05
1.93671356E-01  1.81254316E-05  8.54445809E-05
1.95005275E-01  2.06656200E-04  1.12761595E-04
1.96339157E-01  2.39998530E-05  -1.38823828E-04
1.97673004E-01  -4.67642946E-05  1.22204555E-04
1.99006814E-01  4.71062123E-05  1.19245886E-04
2.00340587E-01  2.05643741E-04  1.11650747E-04
2.01674324E-01  -3.59334534E-05  4.07879019E-05
2.03008023E-01  3.28962289E-04  1.18538948E-04
2.04341685E-01  2.18045381E-04  1.05873564E-04
2.05675309E-01  3.17727712E-05  3.37006939E-04
2.07008895E-01  2.83695548E-05  -4.55445044E-04
2.08342443E-01  7.74997971E-05  1.90833929E-04
2.09675953E-01  1.43015356E-04  9.50396059E-05
2.11009424E-01  9.94176880E-06  -2.74441388E-05
2.12342856E-01  -1.00190546E-04  7.89496420E-05
2.13676249E-01  8.78925129E-05  1.01188870E-04
2.15009603E-01  8.30117834E-05  8.31711937E-05
2.16342917E-01  -2.83003020E-05  4.18151766E-04
2.17676192E-01  -6.51863177E-05  1.04710466E-04
2.19009426E-01  6.64215195E-05  1.01440499E-04
2.20342620E-01  2.11493428E-04  9.55976984E-05
2.21675773E-01  5.68307113E-05  2.31087228E-04
2.23008885E-01  1.17558503E-04  7.38927796E-05
2.24341957E-01  -5.09117706E-05  3.94929117E-05
2.25674987E-01  3.70817770E-04  9.82275616E-05
2.27007976E-01  5.33911963E-05  2.25048246E-04
2.28340922E-01  1.74263892E-04  9.17538076E-05
2.29673827E-01  1.82920115E-05  1.71300327E-04
2.31006689E-01  2.23455292E-04  9.71739209E-05
2.32339509E-01  2.38092015E-04  8.39634059E-05
2.33672286E-01  2.35005041E-05  4.36873153E-05
2.35005021E-01  -3.97717008E-05  -2.06269978E-04
2.36337711E-01  1.70356961E-04  9.36300078E-05
2.37670359E-01  2.59432048E-04  9.34843791E-05
2.39002962E-01  1.29037750E-04  8.56238867E-05
2.40335522E-01  7.21455156E-05  1.75695364E-04
2.41668037E-01  1.91547684E-04  8.67102823E-05
2.43000508E-01  2.36898703E-04  9.84321251E-05
2.44332934E-01  1.68938213E-04  9.73275221E-05
2.45665316E-01  2.34724463E-06  -6.67171119E-06
2.46997652E-01  1.47628326E-04  7.48946795E-05
2.48329942E-01  5.97859516E-05  8.96319490E-05
2.49662187E-01  1.40340832E-04  9.12667439E-05
2.50994386E-01  1.24036953E-05  7.88362781E-05
2.52326539E-01  1.07874441E-04  8.01936482E-05
2.53658646E-01  -4.53405392E-06  1.87094646E-05
2.54990705E-01  1.80298102E-04  7.53479760E-05
2.56322718E-01  1.75725561E-05  2.03805070E-05
2.57654684E-01  -1.64912272E-05  6.89338787E-05
2.58986602E-01  -1.19082829E-05  -9.35887786E-05
2.60318473E-01  1.22677671E-04  1.12535861E-04
2.61650296E-01  1.42422027E-04  9.42262665E-05
2.62982071E-01  3.68030453E-05  4.60934101E-05
2.64313797E-01  1.56123785E-04  6.90361987E-05
2.65645475E-01  6.37474088E-05  8.10179358E-05
2.66977104E-01  3.83245726E-05  3.01172718E-04
2.68308684E-01  1.04911876E-04  1.02850350E-04
2.69640214E-01  1.26462919E-04  1.02053519E-04
2.70971695E-01  1.38119596E-04  8.02638983E-05
2.72303126E-01  -4.98383274E-05  6.74809120E-05
2.73634508E-01  7.62423022E-05  5.96998102E-05
2.74965838E-01  2.01457591E-05  6.34197260E-04
2.76297119E-01  7.40134932E-05  7.19325336E-05
2.77628348E-01  1.92724251E-04  7.69137713E-05
2.78959527E-01  6.79490103E-05  9.44299833E-05
2.80290654E-01  1.07147080E-04  8.92393076E-05
2.81621730E-01  -6.06970505E-05  6.70309237E-05
2.82952754E-01  1.66058652E-04  7.79075538E-05
2.84283726E-01  1.55229400E-05  1.17245092E-04
2.85614646E-01  7.90752125E-05  6.19595376E-05
2.86945514E-01  8.96534610E-05  1.52375614E-04
2.88276328E-01  -2.89603904E-05  5.08045750E-05
2.89607090E-01  8.09599706E-05  6.34159275E-05
2.90937799E-01  -1.61576254E-05  2.19948586E-05
2.92268454E-01  9.37032492E-05  9.41339728E-05
2.93599055E-01  -3.43911486E-05  1.18128854E-04
2.94929603E-01  1.33369242E-04  7.82283867E-05
2.96260097E-01  1.09990282E-04  8.52920126E-05
2.97590536E-01  1.48866629E-04  8.03984357E-05
2.98920920E-01  -6.43493263E-05  1.55379199E-04
3.00251250E-01  1.68338381E-04  7.08681355E-05
3.01581524E-01  7.43242690E-05  9.06921607E-05
3.02911743E-01  -8.13700365E-05  4.48643496E-05
3.04241907E-01  1.98421971E-04  8.50674117E-05
3.05572015E-01  1.82374328E-04  8.45055448E-05
3.06902066E-01  1.08987668E-04  9.16862049E-05
3.08232062E-01  -9.64736527E-05  8.03516245E-05
3.09562000E-01  3.99215899E-05  1.17199517E-04
3.10891882E-01  1.05547755E-04  9.25899036E-05
3.12221707E-01  -9.83229183E-05  7.09304977E-05
3.13551475E-01  2.00406880E-05  1.49221172E-04
3.14881185E-01  3.05984626E-05  4.62306605E-05
3.16210838E-01  8.85673407E-05  1.37012710E-04
3.17540432E-01  -1.96576924E-05  8.27949497E-05
3.18869968E-01  8.47218451E-05  7.35402805E-05
3.20199446E-01  -7.22205519E-06  3.29386089E-05
3.21528865E-01  -3.59442271E-05  1.02185830E-04
3.22858225E-01  2.78571556E-05  4.46824194E-05
3.24187526E-01  2.19921311E-04  8.22479678E-05
3.25516768E-01  1.40693268E-05  3.58477399E-05
3.26845949E-01  5.53854306E-05  1.38361799E-04
3.28175071E-01  9.65962571E-06  -2.64031880E-04
3.29504133E-01  -1.04082148E-04  7.80448291E-05
3.30833134E-01  -6.89035037E-05  4.41127439E-05
3.32162075E-01  -4.65392313E-05  1.54539704E-04
3.33490955E-01  2.31116172E-05  4.93059390E-05
3.34819774E-01  9.63326180E-05  7.95203120E-05
3.36148531E-01  1.66337213E-04  1.07345527E-04
3.37477227E-01  1.47900452E-05  3.86744281E-05
3.38805861E-01  1.12924449E-04  9.26229432E-05
3.40134433E-01  1.01769226E-04  1.02570987E-04
3.41462943E-01  1.49472409E-04  8.54100358E-05
3.42791390E-01  -6.92691128E-06  9.78688841E-06
3.44119774E-01  -4.42542908E-05  7.79445891E-05
3.45448095E-01  -5.34769176E-05  7.15763264E-05
3.46776353E-01  6.71426382E-05  5.72747775E-05
3.48104548E-01  -1.12825327E-04  8.47609156E-05
3.49432679E-01  2.14800441E-05  1.29704193E-04
3.50760746E-01  1.04668354E-05  -1.85886696E-03
3.52088749E-01  -2.01018847E-04  9.09281903E-05
3.53416687E-01  1.51670528E-05  -6.57127056E-05
3.54744560E-01  1.86711037E-05  1.02034982E-03
3.56072369E-01  -6.88617143E-05  5.40330585E-05
3.57400112E-01  -1.04228003E-04  1.08646208E-04
3.58727791E-01  -6.94110861E-05  7.29460086E-05
3.60055403E-01  9.35792969E-05  9.55078554E-05
3.61382950E-01  1.95910203E-04  1.10607167E-04
3.62710430E-01  -5.02107813E-05  1.00480580E-04
3.64037844E-01  9.95906483E-05  1.35458480E-04
3.65365192E-01  -7.45929155E-05  1.41812742E-04
3.66692473E-01  4.56100535E-05  5.23761024E-03
3.68019686E-01  1.47100094E-04  1.03908462E-04
3.69346833E-01  1.40939979E-04  8.43912888E-05
3.70673911E-01  -8.56328763E-05  9.46474385E-05
3.72000922E-01  4.87569036E-05  1.21778954E-04
3.73327866E-01  -4.88056513E-05  1.09366340E-04
3.74654740E-01  1.83034430E-04  1.47561017E-04
3.75981547E-01  1.17948733E-04  7.26422523E-05
3.77308284E-01  1.86244079E-04  1.06421349E-04
3.78634953E-01  -1.36357884E-05  4.66553020E-05
3.79961552E-01  1.67583680E-04  8.01365093E-05
3.81288082E-01  1.38661459E-04  1.02372370E-04
3.82614543E-01  8.59050917E-05  7.42518693E-05
3.83940933E-01  2.31644220E-05  5.87341124E-05
3.85267254E-01  3.24688517E-05  2.32992600E-04
3.86593504E-01  1.43388018E-04  1.03435822E-04
3.87919683E-01  6.51306410E-05  1.61979067E-04
3.89245791E-01  6.04237803E-05  -2.88842435E-04
3.90571829E-01  2.43645524E-04  1.04653991E-04
3.91897795E-01  2.40196229E-06  -9.62567676E-06
3.93223690E-01  4.96187991E-05  1.34315618E-04
3.94549512E-01  1.29789365E-04  1.03760087E-04
3.95875263E-01  -7.37545329E-06  -1.04320191E-05
3.97200941E-01  8.27644546E-05  8.95679819E-05
3.98526547E-01  1.37228144E-05  -6.40511685E-05
3.99852081E-01  -3.60762432E-05  5.79645336E-05
4.01177541E-01  6.54428500E-05  1.07794257E-04
4.02502928E-01  2.85568915E-04  9.05519444E-05
4.03828242E-01  -3.82531183E-05  2.66882863E-03
4.05153481E-01  -2.62280637E-05  1.04187746E-04
4.06478647E-01  -4.15494510E-05  3.59876280E-04
4.07803739E-01  7.65292779E-05  1.47474851E-04
4.09128757E-01  9.57064777E-05  1.25318042E-04
4.10453700E-01  -3.46480396E-05  7.24962773E-05
4.11778568E-01  -1.05489406E-04  1.41032720E-04
4.13103361E-01  1.31774551E-04  7.88387141E-05
4.14428078E-01  1.08657958E-04  2.26190628E-04
4.15752720E-01  1.89444891E-04  8.91760763E-05
4.17077287E-01  1.14289296E-04  6.29411428E-05
4.18401777E-01  6.33749264E-05  1.40016336E-04
4.19726191E-01  2.04995166E-04  1.07191313E-04
4.21050528E-01  2.74628088E-04  9.69014968E-05
4.22374789E-01  2.35779425E-04  1.29633079E-04
4.23698973E-01  -1.47412347E-04  1.19108963E-04
4.25023079E-01  1.09870626E-04  1.26665913E-04
4.26347108E-01  -3.83102684E-05  7.65830111E-05
4.27671060E-01  -2.30036427E-04  8.21306984E-05
4.28994934E-01  -4.37569351E-05  1.18023181E-04
4.30318729E-01  1.63900365E-04  8.77648828E-05
4.31642446E-01  5.45127640E-05  7.14696274E-05
4.32966085E-01  1.26891527E-05  -3.98808425E-05
4.34289644E-01  1.32353738E-04  1.49450266E-04
4.35613125E-01  -5.06037280E-05  1.16406856E-04
4.36936526E-01  9.41628608E-05  1.11807092E-04
4.38259848E-01  -1.00193194E-04  1.17074082E-04
4.39583090E-01  1.17248375E-04  1.08330408E-04
4.40906252E-01  1.82390088E-06  -4.28127401E-06
4.42229334E-01  3.45364443E-05  8.52067770E-05
4.43552335E-01  1.36654226E-06  1.22027950E-05
4.44875255E-01  1.22702372E-05  1.19582345E-04
4.46198095E-01  2.32268121E-04  1.15220685E-04
4.47520853E-01  1.15020185E-04  1.47144772E-04
4.48843531E-01  1.14300473E-04  9.22594589E-05
4.50166126E-01  9.12747915E-05  7.35285854E-05
4.51488640E-01  1.95075003E-05  -1.06349156E-04
4.52811071E-01  3.19588400E-05  1.48145560E-04
4.54133420E-01  6.50297985E-05  4.67437958E-04
4.55455687E-01  -2.98427910E-05  1.21908439E-04
4.56777871E-01  1.72223875E-04  1.09513060E-04
4.58099971E-01  -3.65467080E-05  3.34206655E-04
4.59421989E-01  7.68478615E-05  1.76179629E-04
4.60743923E-01  -1.25188763E-04  1.50501788E-04
4.62065773E-01  -1.73987679E-05  1.01955506E-04
4.63387539E-01  -9.29562382E-05  9.89573930E-05
4.64709222E-01  1.48568711E-04  1.00277559E-04
4.66030819E-01  2.57982835E-05  5.84458607E-05
4.67352332E-01  -1.01995796E-04  2.35996912E-04
4.68673761E-01  -1.49533831E-04  1.15633119E-04
4.69995104E-01  1.35817879E-04  1.37018343E-04
4.71316361E-01  1.45068484E-05  1.76138495E-04
4.72637534E-01  1.14565874E-05  5.44119483E-05
4.73958620E-01  4.12149608E-05  1.08185519E-04
4.75279620E-01  1.44466073E-04  1.56771448E-04
4.76600534E-01  -1.19473418E-04  1.00668318E-04
4.77921362E-01  2.08998451E-04  1.53634253E-04
4.79242103E-01  2.98418350E-04  1.66345298E-04
4.80562757E-01  4.41571916E-05  6.55745573E-05
4.81883323E-01  1.20563318E-04  1.65939197E-04
4.83203803E-01  9.99749390E-05  1.44576707E-04
4.84524194E-01  2.60264100E-04  1.50412133E-04
4.85844498E-01  2.73983477E-04  3.18288013E-04
4.87164714E-01  2.10131395E-04  1.52375430E-04
4.88484841E-01  -1.12440336E-04  2.06494644E-04
4.89804880E-01  3.40366481E-04  1.99060440E-04
4.91124830E-01  5.93731902E-05  1.79337979E-04
4.92444691E-01  1.57105791E-04  2.85231158E-04
4.93764462E-01  -1.53783821E-04  1.53312818E-04
4.95084144E-01  1.50251861E-04  2.77224441E-04
4.96403737E-01  1.03683188E-04  3.12873169E-04
4.97723239E-01  -1.50734983E-04  2.75116489E-04
4.99042652E-01  1.14530972E-04  2.58819185E-04
5.00361973E-01  1.48605192E-04  4.18599978E-04
5.01681205E-01  2.06755556E-04  2.56961103E-04
5.03000345E-01  3.03920236E-04  1.99114049E-04
5.04319394E-01  2.31969275E-04  2.34228502E-04
5.05638352E-01  3.58119261E-04  2.20855479E-04
5.06957219E-01  -2.14353194E-04  1.94803744E-04
5.08275993E-01  1.03178549E-04  1.66150453E-03
5.09594676E-01  2.46968926E-04  1.78144003E-04
5.10913266E-01  5.61244511E-04  2.16797499E-04
5.12231764E-01  5.92769325E-06  -1.31782633E-05
5.13550170E-01  1.71119774E-04  4.72380398E-04
5.14868482E-01  6.72687188E-05  1.69440485E-04
5.16186701E-01  -3.26167286E-04  2.56166718E-04
5.17504827E-01  -2.30937670E-05  -5.99380465E-04
5.18822859E-01  -1.57879804E-04  2.14721337E-04
5.20140797E-01  -1.90832461E-04  2.74040081E-04
5.21458641E-01  -2.32583542E-04  1.32037363E-04
5.22776391E-01  -1.84270980E-04  1.69770404E-04
5.24094047E-01  -5.53894828E-05  3.71795449E-04
5.25411608E-01  5.10060860E-04  2.89157845E-04
5.26729073E-01  8.76989978E-05  2.26709209E-04
5.28046444E-01  2.53360365E-04  3.34363874E-04
5.29363719E-01  -1.96521663E-05  -4.79356963E-05
5.30680898E-01  -1.98306917E-04  3.40650794E-04
5.31997982E-01  9.43128038E-05  3.96738270E-04
5.33314969E-01  4.91734384E-04  3.11028800E-04
5.34631861E-01  6.58612619E-04  2.92673286E-04
5.35948655E-01  5.58864424E-04  3.03332449E-04
5.37265353E-01  -3.08575798E-04  2.33475670E-04
5.38581954E-01  5.25478731E-04  3.30582979E-04
5.39898457E-01  1.41705935E-04  4.31044032E-04
5.41214863E-01  -1.49602461E-04  5.36131116E-04
5.42531172E-01  9.49546509E-04  4.46841164E-04
5.43847382E-01  -4.09628333E-04  4.05569876E-04
5.45163494E-01  4.96665616E-04  3.81967713E-04
5.46479508E-01  4.73816926E-04  3.86867100E-04
5.47795424E-01  -2.75291067E-04  2.69850116E-04
5.49111240E-01  -6.84169995E-04  5.45680502E-04
5.50426957E-01  7.83446448E-04  3.87110618E-04
5.51742576E-01  -1.24402221E-04  9.09415418E-04
5.53058094E-01  1.25962553E-04  3.14050944E-04
5.54373513E-01  1.03694246E-04  3.46305713E-04
5.55688832E-01  -1.29854936E-04  -1.40391099E-02
5.57004051E-01  -6.07172077E-04  5.24768715E-04
5.58319169E-01  7.35355280E-04  5.94350341E-04
5.59634187E-01  -5.81793150E-04  3.19694932E-04
5.60949104E-01  1.15826905E-04  2.53154946E-03
5.62263920E-01  -3.05949883E-04  6.60625566E-04
5.63578635E-01  -4.78011934E-04  3.46760417E-04
5.64893248E-01  -1.33474602E-03  4.78948790E-04
5.66207759E-01  7.81598527E-04  6.13316342E-04
5.67522168E-01  -5.48983870E-04  4.62993863E-04
5.68836475E-01  -6.07606474E-04  5.51836189E-04
5.70150680E-01  8.17437332E-04  7.88471816E-04
5.71464782E-01  1.83168082E-04  -2.13608443E-03
5.72778781E-01  -4.31184063E-04  5.92900815E-04
5.74092677E-01  -3.20392985E-04  7.47467469E-04
5.75406470E-01  1.14074489E-03  7.01880997E-04
5.76720159E-01  1.97676888E-04  1.69373068E-03
5.78033745E-01  2.52214157E-03  1.56887340E-03
5.79347226E-01  9.07693793E-04  2.03891487E-03
5.80660603E-01  5.60079248E-04  -1.72894812E-03


### HEADER:
#
#{
#    "analysis": {},
#    "filename": "S_02489_A1_BSA_10_157_c.dat",
#    "history": {
#        "baseline_correction": {
#            "initial_file": [
#                "S_02489_A1_BSA_10_157_c.dat",
#                {
#                    "subtraction": {
#                        "initial_file": [
#                            "02489_A1_BSA_10_157_c.dat"
#                        ],
#                        "subtracted_file": [
#                            "A_02489_A1_BSA_10_225_c.dat",
#                            {
#                                "averaged_files": [
#                                    [
#                                        "02489_A1_BSA_10_225_c.dat"
#                                    ],
#                                    [
#                                        "02489_A1_BSA_10_226_c.dat"
#                                    ],
#                                    [
#                                        "02489_A1_BSA_10_227_c.dat"
#                                    ],
#                                    [
#                                        "02489_A1_BSA_10_228_c.dat"
#                                    ],
#                                    [
#                                        "02489_A1_BSA_10_229_c.dat"
#                                    ],
#                                    [
#                                        "02489_A1_BSA_10_230_c.dat"
#                                    ],
#                                    [
#                                        "02489_A1_BSA_10_231_c.dat"
#                                    ],
#                                    [
#                                        "02489_A1_BSA_10_232_c.dat"
#                                    ],
#                                    [
#                                        "02489_A1_BSA_10_233_c.dat"
#                                    ],
#                                    [
#                                        "02489_A1_BSA_10_234_c.dat"
#                                    ],
#                                    [
#                                        "02489_A1_BSA_10_235_c.dat"
#                                    ],
#                                    [
#                                        "02489_A1_BSA_10_236_c.dat"
#                                    ],
#                                    [
#                                        "02489_A1_BSA_10_237_c.dat"
#                                    ],
#                                    [
#                                        "02489_A1_BSA_10_238_c.dat"
#                                    ],
#                                    [
#                                        "02489_A1_BSA_10_239_c.dat"
#                                    ],
#                                    [
#                                        "02489_A1_BSA_10_240_c.dat"
#                                    ],
#                                    [
#                                        "02489_A1_BSA_10_241_c.dat"
#                                    ],
#                                    [
#                                        "02489_A1_BSA_10_242_c.dat"
#                                    ],
#                                    [
#                                        "02489_A1_BSA_10_243_c.dat"
#                                    ]
#                                ]
#                            }
#                        ]
#                    }
#                }
#            ],
#            "type": "Linear"
#        }
#    }
#}

