### DATA:
#
# 430
#      Q             I(Q)           Error     
1.06922151E-02  4.07543925E-04  -1.72266360E-03
1.20287357E-02  -1.99974637E-05  -6.65176837E-04
1.33652541E-02  8.34045414E-04  1.85547304E-03
1.47017700E-02  -1.39864607E-04  -6.45944868E-04
1.60382831E-02  8.30286328E-04  8.31288552E-04
1.73747933E-02  -9.28815512E-05  1.41769658E-03
1.87113003E-02  5.31701701E-04  4.95111639E-04
2.00478039E-02  8.65308086E-04  6.51775627E-04
2.13843037E-02  5.36115528E-04  4.07147895E-04
2.27207996E-02  3.68674723E-04  3.12730648E-04
2.40572913E-02  -2.09467118E-05  -3.19194545E-04
2.53937785E-02  -5.27245918E-04  3.66650679E-04
2.67302610E-02  3.20228310E-04  3.24057586E-04
2.80667386E-02  9.14502887E-05  2.02499258E-04
2.94032110E-02  -7.05076431E-05  2.43192211E-04
3.07396780E-02  3.28526214E-05  -2.97596079E-04
3.20761393E-02  6.54883489E-05  -1.91783356E-03
3.34125946E-02  6.09991562E-05  2.20937470E-04
3.47490438E-02  1.58183643E-04  2.58758121E-04
3.60854865E-02  8.87619297E-05  2.01562874E-04
3.74219226E-02  3.43471089E-04  2.36746749E-04
3.87583518E-02  5.06284109E-06  -2.58333005E-05
4.00947738E-02  -1.27262421E-04  2.86225121E-04
4.14311883E-02  -2.58316562E-05  9.11466501E-05
4.27675953E-02  3.47977834E-04  2.45374063E-04
4.41039943E-02  4.52384135E-04  2.03113883E-04
4.54403851E-02  -1.22903083E-04  7.79357206E-04
4.67767676E-02  -2.32140852E-05  -1.26916701E-04
4.81131414E-02  5.51484838E-05  1.62114531E-04
4.94495063E-02  1.84420609E-04  1.92590610E-04
5.07858621E-02  3.38217544E-04  1.72689830E-04
5.21222085E-02  1.77793583E-04  1.63645611E-04
5.34585452E-02  -1.59523515E-04  2.05097675E-04
5.47948721E-02  3.60717906E-05  1.12338408E-04
5.61311889E-02  -2.23407083E-04  1.76384533E-04
5.74674952E-02  2.87537702E-04  2.28153129E-04
5.88037910E-02  1.65317482E-04  2.03480119E-04
6.01400758E-02  1.38124263E-04  2.21396736E-04
6.14763496E-02  5.10788831E-05  -3.93561200E-04
6.28126120E-02  1.18259131E-04  1.97197375E-04
6.41488628E-02  -5.13007617E-05  4.96878553E-04
6.54851017E-02  2.25696245E-04  1.39239413E-04
6.68213285E-02  1.70026871E-04  1.64543446E-04
6.81575430E-02  1.27438908E-04  1.02012248E-04
6.94937449E-02  -1.75444275E-05  4.01918966E-05
7.08299339E-02  1.51692096E-04  2.98159922E-04
7.21661098E-02  -1.82370790E-04  1.70971573E-04
7.35022724E-02  6.58917893E-05  1.36886574E-04
7.48384215E-02  9.57246652E-05  1.29505965E-04
7.61745566E-02  7.40476635E-05  1.28193907E-04
7.75106778E-02  3.75558308E-04  1.68648076E-04
7.88467845E-02  1.77997354E-04  1.45319024E-04
8.01828767E-02  3.02140605E-04  2.10057631E-04
8.15189541E-02  1.10091481E-04  9.67223881E-05
8.28550165E-02  -1.07004638E-04  2.51090305E-04
8.41910635E-02  -1.08610314E-04  2.02214891E-04
8.55270949E-02  2.24801069E-04  1.07507923E-04
8.68631106E-02  4.18631511E-04  1.71859946E-04
8.81991102E-02  -3.97031031E-05  7.50010510E-05
8.95350935E-02  4.46352263E-06  2.81827092E-05
9.08710603E-02  2.27436466E-04  1.75716251E-04
9.22070102E-02  -8.52364719E-06  2.72450791E-05
9.35429432E-02  1.76263858E-04  1.81415839E-04
9.48788588E-02  1.75915420E-04  1.83610164E-04
9.62147569E-02  -2.78754908E-04  1.46726651E-04
9.75506373E-02  1.27487821E-04  1.84803617E-04
9.88864996E-02  1.19051959E-04  1.39416342E-04
1.00222344E-01  -1.21727977E-04  1.03939819E-04
1.01558169E-01  2.41909653E-04  1.31187806E-04
1.02893976E-01  9.50779720E-05  2.28219403E-04
1.04229764E-01  2.33631230E-04  1.47710398E-04
1.05565532E-01  2.08194618E-05  3.39058634E-05
1.06901281E-01  -8.59193404E-05  9.97523934E-05
1.08237011E-01  -6.51244971E-07  -1.73630628E-05
1.09572720E-01  2.04431996E-04  1.63004505E-04
1.10908409E-01  4.72697130E-04  1.56722437E-04
1.12244077E-01  1.10702789E-04  1.76961902E-04
1.13579725E-01  2.44042065E-04  1.31101506E-04
1.14915352E-01  -1.08376732E-04  8.94246796E-05
1.16250958E-01  1.04701391E-04  1.44508857E-04
1.17586542E-01  4.81864563E-05  6.39936520E-05
1.18922104E-01  2.81935192E-05  5.35167819E-05
1.20257645E-01  3.14393178E-05  9.42661495E-05
1.21593163E-01  3.61372895E-05  6.40113981E-05
1.22928659E-01  -6.39079744E-05  1.33338659E-04
1.24264132E-01  1.17739220E-04  8.46488115E-05
1.25599582E-01  1.09413361E-04  1.34192864E-04
1.26935009E-01  -5.35616378E-05  1.40224117E-04
1.28270412E-01  7.37497436E-05  2.74822014E-04
1.29605792E-01  1.46177635E-04  1.51763787E-04
1.30941148E-01  6.80208559E-05  6.21206456E-04
1.32276480E-01  5.50309245E-05  6.93058075E-05
1.33611787E-01  1.83785719E-04  1.03123205E-04
1.34947070E-01  3.09016225E-05  -2.54016067E-04
1.36282327E-01  -2.11030281E-05  8.44348278E-05
1.37617560E-01  4.71078811E-05  4.96776482E-05
1.38952767E-01  3.25187816E-05  5.24515441E-05
1.40287948E-01  1.14577274E-04  7.72370050E-05
1.41623104E-01  -1.08157448E-04  1.07725907E-04
1.42958234E-01  -1.05298702E-04  1.32075123E-04
1.44293337E-01  -1.74498171E-04  1.12124061E-04
1.45628413E-01  1.40096154E-04  1.14245478E-04
1.46963463E-01  -8.24177209E-05  7.77130349E-05
1.48298485E-01  1.02196711E-04  9.66886285E-05
1.49633480E-01  -1.50653449E-06  -1.47308655E-05
1.50968447E-01  -3.12486362E-04  9.81630146E-05
1.52303387E-01  5.51733579E-05  1.11995233E-04
1.53638298E-01  1.03760916E-04  1.18955300E-04
1.54973182E-01  1.70591027E-04  9.91509888E-05
1.56308036E-01  2.54549248E-05  -2.15455804E-04
1.57642862E-01  -8.12957204E-05  1.19206311E-04
1.58977658E-01  -2.36452496E-05  -1.14926058E-04
1.60312426E-01  -6.50920799E-05  5.07007804E-05
1.61647163E-01  3.12782076E-05  1.31067644E-04
1.62981871E-01  1.55533936E-04  1.41647684E-04
1.64316549E-01  7.04298028E-06  -4.59734603E-05
1.65651196E-01  -4.35740241E-05  2.28220865E-04
1.66985813E-01  1.77033739E-04  1.19998297E-04
1.68320399E-01  4.99324160E-05  6.64000692E-05
1.69654954E-01  2.93443810E-04  1.12776437E-04
1.70989478E-01  -1.10431004E-04  8.97187007E-05
1.72323970E-01  2.14546878E-04  1.13143938E-04
1.73658431E-01  1.62053127E-04  1.12942092E-04
1.74992859E-01  1.32413095E-04  8.95879501E-05
1.76327255E-01  -1.33989128E-05  5.12808639E-05
1.77661619E-01  -1.45445528E-04  9.57576620E-05
1.78995950E-01  9.18963762E-05  1.05742379E-04
1.80330247E-01  2.15244696E-04  1.13101747E-04
1.81664512E-01  2.02910573E-05  4.15986462E-05
1.82998743E-01  1.61122597E-04  8.88502315E-05
1.84332940E-01  -2.42888517E-05  6.13331997E-05
1.85667104E-01  -5.62060373E-05  1.20458884E-04
1.87001233E-01  7.97809130E-06  1.16130685E-04
1.88335327E-01  6.17380519E-06  -3.57573766E-04
1.89669387E-01  1.20646027E-04  1.06855297E-04
1.91003412E-01  2.39003836E-04  1.00237820E-04
1.92337402E-01  -1.21605450E-04  9.80276216E-05
1.93671356E-01  4.98186336E-05  9.75385930E-05
1.95005275E-01  6.90660645E-05  1.47151752E-04
1.96339157E-01  -3.27852019E-05  4.16900624E-05
1.97673004E-01  -2.64276256E-05  1.52443009E-04
1.99006814E-01  7.63686746E-05  1.08866339E-04
2.00340587E-01  2.26384388E-04  1.17449803E-04
2.01674324E-01  2.03557971E-04  1.40088911E-04
2.03008023E-01  -4.96207976E-05  6.45908179E-05
2.04341685E-01  3.21245937E-05  1.05992615E-04
2.05675309E-01  1.39197160E-04  1.21942029E-04
2.07008895E-01  -1.90484629E-05  3.70098495E-05
2.08342443E-01  1.03636518E-04  1.60203300E-04
2.09675953E-01  8.57074709E-05  9.39043705E-05
2.11009424E-01  1.87881080E-05  -6.89826643E-05
2.12342856E-01  -5.75538948E-05  6.84002511E-05
2.13676249E-01  7.19950180E-05  9.73127714E-05
2.15009603E-01  6.60539367E-06  3.16401865E-05
2.16342917E-01  1.60578683E-04  8.69153292E-05
2.17676192E-01  7.62209265E-07  1.07585322E-05
2.19009426E-01  -2.95570988E-05  8.21122589E-05
2.20342620E-01  1.95511632E-04  9.18308515E-05
2.21675773E-01  2.36560755E-04  1.14424374E-04
2.23008885E-01  4.57114660E-05  5.50375351E-05
2.24341957E-01  2.09083585E-05  -3.82169746E-05
2.25674987E-01  1.26511800E-04  9.07106567E-05
2.27007976E-01  1.21187600E-04  1.25809103E-04
2.28340922E-01  -1.18473952E-04  9.19763232E-05
2.29673827E-01  1.37182785E-04  1.01812568E-04
2.31006689E-01  6.33355246E-05  9.89311559E-05
2.32339509E-01  1.27256837E-04  7.87298513E-05
2.33672286E-01  4.56913225E-05  6.23888906E-05
2.35005021E-01  -5.14733709E-05  -1.00632300E-03
2.36337711E-01  1.20738875E-04  9.40430864E-05
2.37670359E-01  1.11512940E-04  1.01938841E-04
2.39002962E-01  5.16392514E-05  7.90374118E-05
2.40335522E-01  -6.46717489E-05  5.66217502E-05
2.41668037E-01  3.12392304E-05  6.81620738E-05
2.43000508E-01  -4.64498393E-07  1.97135179E-06
2.44332934E-01  3.32385544E-05  1.33286201E-04
2.45665316E-01  9.61308167E-05  1.31579674E-04
2.46997652E-01  -3.66622966E-05  2.64452225E-04
2.48329942E-01  1.55614747E-04  8.52816444E-05
2.49662187E-01  -5.17998481E-05  7.85623309E-05
2.50994386E-01  1.91775106E-04  8.71151057E-05
2.52326539E-01  1.74856499E-05  4.67727179E-05
2.53658646E-01  1.59306092E-05  3.10634579E-03
2.54990705E-01  7.19114571E-05  5.84500273E-05
2.56322718E-01  -7.32956688E-05  3.49663652E-04
2.57654684E-01  7.63072148E-06  1.78713054E-04
2.58986602E-01  1.54510226E-04  7.45343412E-05
2.60318473E-01  1.03730158E-04  1.14423860E-04
2.61650296E-01  1.33136501E-04  9.70007815E-05
2.62982071E-01  3.34045445E-05  4.31187285E-05
2.64313797E-01  2.39604585E-04  7.30033097E-05
2.65645475E-01  1.28880994E-05  6.98233589E-05
2.66977104E-01  -5.57360406E-05  5.49184399E-05
2.68308684E-01  6.06415077E-05  1.25648668E-04
2.69640214E-01  9.27450592E-05  1.09947976E-04
2.70971695E-01  -4.14830967E-06  1.16820631E-04
2.72303126E-01  1.06623178E-04  9.72661062E-05
2.73634508E-01  5.11462502E-05  5.59944600E-05
2.74965838E-01  -8.79589887E-05  6.56528367E-05
2.76297119E-01  1.48317633E-04  7.76273614E-05
2.77628348E-01  3.05395137E-06  2.02086517E-05
2.78959527E-01  2.66689415E-05  1.24419169E-04
2.80290654E-01  -6.94370004E-05  6.88050536E-05
2.81621730E-01  4.90780410E-05  1.07223897E-04
2.82952754E-01  -4.12573807E-05  9.29911167E-05
2.84283726E-01  7.67791665E-05  8.72314292E-05
2.85614646E-01  1.10051707E-04  6.74213651E-05
2.86945514E-01  5.85251976E-05  2.98552220E-04
2.88276328E-01  -7.48939582E-05  6.48222755E-05
2.89607090E-01  -3.00737879E-05  2.48156213E-04
2.90937799E-01  -3.02855672E-05  3.39086259E-05
2.92268454E-01  8.89890569E-05  9.37101352E-05
2.93599055E-01  5.54361257E-05  6.77807565E-05
2.94929603E-01  1.69658491E-04  8.00952605E-05
2.96260097E-01  -2.39637510E-05  7.87779765E-05
2.97590536E-01  9.21193308E-05  7.63909928E-05
2.98920920E-01  2.27254795E-05  3.43241594E-05
3.00251250E-01  1.20696823E-04  6.58966817E-05
3.01581524E-01  1.41910852E-05  1.39280177E-04
3.02911743E-01  -4.25919451E-05  3.33172340E-05
3.04241907E-01  1.24527306E-04  8.61439299E-05
3.05572015E-01  2.54269871E-05  1.13084496E-04
3.06902066E-01  -4.10560553E-05  6.42512742E-05
3.08232062E-01  1.89962696E-04  8.39907033E-05
3.09562000E-01  -1.67200443E-04  7.48671149E-05
3.10891882E-01  -1.37261980E-05  4.08464016E-05
3.12221707E-01  3.88586786E-05  1.14303765E-04
3.13551475E-01  6.26236365E-05  9.78940807E-05
3.14881185E-01  -1.14460923E-04  1.02061326E-04
3.16210838E-01  3.72165536E-05  5.25474649E-03
3.17540432E-01  9.98030939E-06  7.43661481E-05
3.18869968E-01  1.35983933E-04  7.58626730E-05
3.20199446E-01  1.86716508E-04  8.69149406E-05
3.21528865E-01  7.40587952E-05  7.25899281E-05
3.22858225E-01  -4.14355617E-05  1.64845729E-04
3.24187526E-01  1.04331510E-04  8.37782024E-05
3.25516768E-01  1.04334610E-04  6.91698494E-05
3.26845949E-01  2.06591891E-05  -7.39271006E-04
3.28175071E-01  -5.70906118E-05  6.53132556E-05
3.29504133E-01  1.75273423E-05  8.35449649E-05
3.30833134E-01  1.21308991E-04  1.53919206E-04
3.32162075E-01  -7.23364928E-05  1.15261714E-04
3.33490955E-01  -3.78528546E-05  1.27682448E-04
3.34819774E-01  1.31053369E-04  8.00377315E-05
3.36148531E-01  6.72064829E-05  1.96196419E-04
3.37477227E-01  1.40233846E-05  3.79878928E-05
3.38805861E-01  1.17695121E-04  9.71506328E-05
3.40134433E-01  5.87225787E-05  1.33180340E-04
3.41462943E-01  -1.20900190E-04  7.64251795E-05
3.42791390E-01  4.67359522E-05  -2.60916078E-03
3.44119774E-01  5.01622076E-05  7.97391704E-05
3.45448095E-01  -2.14604247E-07  2.19909645E-06
3.46776353E-01  4.73379550E-05  5.04691396E-05
3.48104548E-01  3.63949058E-06  2.15049433E-05
3.49432679E-01  7.46623401E-05  9.09111356E-05
3.50760746E-01  8.09003041E-05  9.44653023E-05
3.52088749E-01  1.06911660E-04  6.87439560E-05
3.53416687E-01  1.70821984E-04  1.01131199E-04
3.54744560E-01  4.88026953E-05  1.23082201E-04
3.56072369E-01  -9.07244486E-05  5.91875870E-05
3.57400112E-01  -8.04661102E-05  1.22699622E-04
3.58727791E-01  9.15345572E-05  9.39895209E-05
3.60055403E-01  4.52816884E-05  1.06637483E-04
3.61382950E-01  6.12663084E-05  2.97192940E-04
3.62710430E-01  6.56610357E-05  7.64732143E-05
3.64037844E-01  1.97202529E-05  -1.13133053E-04
3.65365192E-01  2.33017718E-05  4.01754737E-05
3.66692473E-01  2.06109679E-04  1.16079705E-04
3.68019686E-01  -6.14305273E-05  6.57771295E-05
3.69346833E-01  8.82588094E-05  8.35997377E-05
3.70673911E-01  8.62042413E-06  5.48811907E-05
3.72000922E-01  -1.95336590E-04  8.23727282E-05
3.73327866E-01  -1.62293451E-05  2.08115361E-04
3.74654740E-01  1.45893368E-04  1.76803135E-04
3.75981547E-01  -2.86203966E-05  -1.87893957E-03
3.77308284E-01  1.13671975E-04  1.16161082E-04
3.78634953E-01  -6.74305161E-05  7.40080153E-05
3.79961552E-01  1.15121006E-04  7.84722398E-05
3.81288082E-01  7.78996226E-05  1.04146241E-04
3.82614543E-01  -8.91801222E-05  1.27948921E-04
3.83940933E-01  2.48252786E-05  5.95620192E-05
3.85267254E-01  -2.51568814E-05  5.20955892E-05
3.86593504E-01  1.03444376E-04  1.07645486E-04
3.87919683E-01  1.11677272E-05  -7.41840166E-05
3.89245791E-01  -4.43575680E-05  3.52984379E-05
3.90571829E-01  1.48033272E-04  1.10906127E-04
3.91897795E-01  7.34617010E-05  1.54348254E-04
3.93223690E-01  1.23175727E-04  1.09383659E-04
3.94549512E-01  9.17236309E-05  9.71860077E-05
3.95875263E-01  6.69610731E-06  8.08662798E-06
3.97200941E-01  1.48041652E-04  8.97996522E-05
3.98526547E-01  4.43073756E-05  5.33303500E-04
3.99852081E-01  1.85499729E-05  -3.52990033E-04
4.01177541E-01  -1.49990522E-05  7.72748662E-05
4.02502928E-01  9.11247019E-06  2.10684055E-05
4.03828242E-01  5.54971446E-05  5.94060935E-05
4.05153481E-01  -2.81607306E-05  1.02435726E-04
4.06478647E-01  -4.62131152E-05  2.77505792E-04
4.07803739E-01  6.62249686E-05  1.54213740E-04
4.09128757E-01  1.16147979E-04  1.21698749E-04
4.10453700E-01  -1.55571982E-04  9.24432984E-05
4.11778568E-01  -6.78795073E-05  1.74203941E-04
4.13103361E-01  5.12675088E-05  6.24129937E-05
4.14428078E-01  6.23819633E-06  -1.24850625E-05
4.15752720E-01  7.47220376E-05  6.64212222E-05
4.17077287E-01  6.64848229E-05  4.83958848E-05
4.18401777E-01  3.19494974E-05  2.43460235E-04
4.19726191E-01  4.30829475E-05  1.10350813E-04
4.21050528E-01  -5.00880927E-05  1.80598758E-04
4.22374789E-01  4.18061871E-05  7.92115886E-04
4.23698973E-01  -2.39497045E-04  1.07853827E-04
4.25023079E-01  1.71872460E-04  1.23772548E-04
4.26347108E-01  2.60078800E-05  2.43019990E-04
4.27671060E-01  1.95726888E-04  1.48131754E-04
4.28994934E-01  -5.57341188E-05  1.07168829E-04
4.30318729E-01  -1.90024844E-05  -1.41918384E-04
4.31642446E-01  -9.91064642E-05  1.55374886E-04
4.32966085E-01  1.25457093E-05  -3.70282057E-05
4.34289644E-01  1.20084259E-05  -6.06058841E-05
4.35613125E-01  -3.43808924E-05  1.17347986E-04
4.36936526E-01  6.84952611E-05  1.16764356E-04
4.38259848E-01  1.83029884E-04  1.07195087E-04
4.39583090E-01  1.01085831E-04  1.14611360E-04
4.40906252E-01  1.50237720E-04  1.68127219E-04
4.42229334E-01  7.49273922E-05  9.88496922E-05
4.43552335E-01  1.86492940E-04  1.13613814E-04
4.44875255E-01  1.14889323E-04  1.16236167E-04
4.46198095E-01  4.25884811E-05  1.36574584E-04
4.47520853E-01  1.07452210E-04  1.52124879E-04
4.48843531E-01  4.35305570E-05  7.28855102E-05
4.50166126E-01  -3.42112565E-06  -8.56141920E-06
4.51488640E-01  -7.97253885E-05  7.51434239E-05
4.52811071E-01  -2.71428623E-04  1.08005282E-04
4.54133420E-01  2.15789148E-04  1.52629272E-04
4.55455687E-01  9.26323250E-05  1.12724578E-04
4.56777871E-01  -5.70889513E-05  1.20876708E-04
4.58099971E-01  6.30862029E-06  2.47266359E-05
4.59421989E-01  3.21604592E-06  -1.44744877E-05
4.60743923E-01  6.05139602E-05  8.08524130E-05
4.62065773E-01  -4.38539942E-05  1.08273052E-04
4.63387539E-01  1.43817115E-04  1.33350882E-04
4.64709222E-01  -2.08001227E-04  1.32765611E-04
4.66030819E-01  1.22023252E-04  9.91063183E-05
4.67352332E-01  -4.47266199E-05  -3.90841642E-03
4.68673761E-01  -6.02144019E-05  9.74075736E-05
4.69995104E-01  7.80754451E-05  1.41466223E-04
4.71316361E-01  -1.83610437E-04  1.24621652E-04
4.72637534E-01  1.78989309E-05  6.58068011E-05
4.73958620E-01  1.91612382E-04  1.33509607E-04
4.75279620E-01  2.76737247E-04  1.51902899E-04
4.76600534E-01  9.81318959E-05  2.36761236E-04
4.77921362E-01  -5.19455068E-05  1.41797765E-04
4.79242103E-01  3.83198476E-05  3.66186558E-04
4.80562757E-01  1.44109535E-04  1.07357105E-04
4.81883323E-01  -7.20009157E-05  1.33792357E-04
4.83203803E-01  -1.91177969E-04  1.51797508E-04
4.84524194E-01  -3.07697795E-04  1.59688812E-04
4.85844498E-01  4.98917779E-04  2.32127979E-04
4.87164714E-01  2.17254554E-04  1.64463395E-04
4.88484841E-01  -7.11925158E-05  3.07746164E-04
4.89804880E-01  2.31885468E-04  2.16663422E-04
4.91124830E-01  2.17543779E-04  1.76122274E-04
4.92444691E-01  -1.16578951E-05  2.93776127E-05
4.93764462E-01  -7.06931740E-05  1.15855699E-04
4.95084144E-01  -4.95983134E-05  8.27761187E-05
4.96403737E-01  3.51456112E-04  2.08110295E-04
4.97723239E-01  2.21384264E-04  1.56086132E-04
4.99042652E-01  -2.23431365E-04  1.62211632E-04
5.00361973E-01  6.61461371E-05  -1.13361493E-03
5.01681205E-01  -2.14523384E-04  1.46198925E-04
5.03000345E-01  -4.39746328E-04  1.90620818E-04
5.04319394E-01  -1.19175070E-04  1.41737066E-04
5.05638352E-01  4.38786874E-04  1.88275020E-04
5.06957219E-01  8.74639011E-05  1.87293395E-04
5.08275993E-01  2.98850307E-06  -6.79200999E-06
5.09594676E-01  2.97719988E-04  1.81318068E-04
5.10913266E-01  -1.69074473E-04  2.98321493E-04
5.12231764E-01  9.15157293E-05  -1.92826371E-03
5.13550170E-01  3.66253010E-05  -1.31348695E-04
5.14868482E-01  3.70295114E-05  1.49274381E-04
5.16186701E-01  -5.91358235E-05  7.30584869E-04
5.17504827E-01  -2.92997230E-05  -3.03512318E-03
5.18822859E-01  1.29344456E-04  2.43640125E-04
5.20140797E-01  6.56217435E-05  1.58049514E-04
5.21458641E-01  1.51588303E-04  -4.71669977E-03
5.22776391E-01  2.67428503E-04  3.03033257E-04
5.24094047E-01  -3.01004099E-04  2.68803030E-04
5.25411608E-01  4.37860968E-06  -1.21114727E-05
5.26729073E-01  7.03116372E-04  2.48176336E-04
5.28046444E-01  -1.28279136E-04  1.63168202E-04
5.29363719E-01  3.90364609E-04  2.06374015E-04
5.30680898E-01  4.86607104E-05  1.29785160E-04
5.31997982E-01  -2.10383699E-04  2.33756974E-04
5.33314969E-01  3.51720402E-04  3.14126335E-04
5.34631861E-01  2.25816589E-04  2.48217218E-04
5.35948655E-01  8.88800708E-05  2.83807411E-04
5.37265353E-01  -7.02661500E-05  1.14709594E-04
5.38581954E-01  -8.72820126E-05  3.10597994E-04
5.39898457E-01  2.81383658E-04  3.63763076E-04
5.41214863E-01  1.33370880E-04  2.11280404E-04
5.42531172E-01  8.06099671E-04  4.03860303E-04
5.43847382E-01  -9.35431896E-06  -9.57710932E-05
5.45163494E-01  2.01366645E-04  3.67006570E-04
5.46479508E-01  -7.40923668E-05  2.79169262E-04
5.47795424E-01  2.59588012E-04  5.11965718E-04
5.49111240E-01  -5.61250128E-04  6.50916774E-04
5.50426957E-01  -6.68076861E-05  3.60088263E-03
5.51742576E-01  3.58887905E-04  2.98693401E-04
5.53058094E-01  5.43010861E-04  3.63170680E-04
5.54373513E-01  1.54536687E-04  3.50443442E-04
5.55688832E-01  1.62273452E-04  2.71861501E-04
5.57004051E-01  -4.51736670E-04  5.04860329E-04
5.58319169E-01  1.18592251E-04  -4.74359474E-04
5.59634187E-01  4.01419993E-04  7.07738586E-04
5.60949104E-01  -3.81587020E-04  3.09145128E-04
5.62263920E-01  -1.06765536E-04  5.33067161E-03
5.63578635E-01  5.74428346E-05  -1.41394191E-04
5.64893248E-01  2.92776773E-04  2.09495655E-04
5.66207759E-01  3.38025055E-04  6.38260576E-04
5.67522168E-01  4.64753279E-05  -7.56149321E-04
5.68836475E-01  2.18842036E-04  4.51884489E-04
5.70150680E-01  1.49203812E-03  7.50675783E-04
5.71464782E-01  -3.56759411E-04  3.26790273E-04
5.72778781E-01  6.03753865E-04  9.59947694E-04
5.74092677E-01  6.43488200E-04  5.61220058E-04
5.75406470E-01  5.23666597E-04  6.30264429E-04
5.76720159E-01  1.39833942E-03  1.26550454E-03
5.78033745E-01  -8.72310110E-04  6.31555839E-04
5.79347226E-01  1.46142767E-03  9.75778103E-04
5.80660603E-01  2.31693890E-03  2.78950377E-03


### HEADER:
#
#{
#    "analysis": {},
#    "filename": "S_02489_A1_BSA_10_158_c.dat",
#    "history": {
#        "baseline_correction": {
#            "initial_file": [
#                "S_02489_A1_BSA_10_158_c.dat",
#                {
#                    "subtraction": {
#                        "initial_file": [
#                            "02489_A1_BSA_10_158_c.dat"
#                        ],
#                        "subtracted_file": [
#                            "A_02489_A1_BSA_10_225_c.dat",
#                            {
#                                "averaged_files": [
#                                    [
#                                        "02489_A1_BSA_10_225_c.dat"
#                                    ],
#                                    [
#                                        "02489_A1_BSA_10_226_c.dat"
#                                    ],
#                                    [
#                                        "02489_A1_BSA_10_227_c.dat"
#                                    ],
#                                    [
#                                        "02489_A1_BSA_10_228_c.dat"
#                                    ],
#                                    [
#                                        "02489_A1_BSA_10_229_c.dat"
#                                    ],
#                                    [
#                                        "02489_A1_BSA_10_230_c.dat"
#                                    ],
#                                    [
#                                        "02489_A1_BSA_10_231_c.dat"
#                                    ],
#                                    [
#                                        "02489_A1_BSA_10_232_c.dat"
#                                    ],
#                                    [
#                                        "02489_A1_BSA_10_233_c.dat"
#                                    ],
#                                    [
#                                        "02489_A1_BSA_10_234_c.dat"
#                                    ],
#                                    [
#                                        "02489_A1_BSA_10_235_c.dat"
#                                    ],
#                                    [
#                                        "02489_A1_BSA_10_236_c.dat"
#                                    ],
#                                    [
#                                        "02489_A1_BSA_10_237_c.dat"
#                                    ],
#                                    [
#                                        "02489_A1_BSA_10_238_c.dat"
#                                    ],
#                                    [
#                                        "02489_A1_BSA_10_239_c.dat"
#                                    ],
#                                    [
#                                        "02489_A1_BSA_10_240_c.dat"
#                                    ],
#                                    [
#                                        "02489_A1_BSA_10_241_c.dat"
#                                    ],
#                                    [
#                                        "02489_A1_BSA_10_242_c.dat"
#                                    ],
#                                    [
#                                        "02489_A1_BSA_10_243_c.dat"
#                                    ]
#                                ]
#                            }
#                        ]
#                    }
#                }
#            ],
#            "type": "Linear"
#        }
#    }
#}

