### DATA:
#
# 430
#      Q             I(Q)           Error     
1.06922151E-02  2.62883004E-03  5.12479572E-03
1.20287357E-02  9.08987101E-04  3.91922897E-03
1.33652541E-02  -8.96921111E-05  1.31166639E-03
1.47017700E-02  1.47857984E-03  9.43207665E-04
1.60382831E-02  4.23916959E-04  1.01299939E-03
1.73747933E-02  -2.72900122E-04  6.30985004E-04
1.87113003E-02  3.09012683E-04  5.79774182E-04
2.00478039E-02  -3.32766965E-04  2.81935200E-04
2.13843037E-02  1.30411402E-04  4.33400521E-04
2.27207996E-02  -7.31404238E-05  6.36718959E-04
2.40572913E-02  -2.03635756E-04  4.38958318E-04
2.53937785E-02  -7.71802056E-05  5.86219498E-04
2.67302610E-02  -1.59633180E-04  2.72265054E-04
2.80667386E-02  -9.81333247E-05  3.29725658E-04
2.94032110E-02  1.12933005E-04  3.66079859E-04
3.07396780E-02  2.01153689E-05  -9.57766786E-05
3.20761393E-02  -4.35846535E-04  1.98874649E-04
3.34125946E-02  8.46172139E-05  2.28050261E-04
3.47490438E-02  1.32575729E-04  2.76881692E-04
3.60854865E-02  2.81376770E-04  2.29991180E-04
3.74219226E-02  -1.29948574E-04  2.20211686E-04
3.87583518E-02  1.36868415E-04  3.45000061E-04
4.00947738E-02  7.29892215E-05  1.77512147E-04
4.14311883E-02  6.84510918E-07  -4.62023443E-06
4.27675953E-02  -3.09181917E-05  8.44599578E-05
4.41039943E-02  3.03458226E-04  1.87556712E-04
4.54403851E-02  2.06954354E-04  1.38586105E-04
4.67767676E-02  5.82328612E-05  9.46414684E-05
4.81131414E-02  -2.10912837E-04  1.89627811E-04
4.94495063E-02  -1.05766388E-05  9.06792140E-05
5.07858621E-02  -9.41256242E-06  -5.47697639E-05
5.21222085E-02  4.45617402E-05  1.14464535E-04
5.34585452E-02  1.54795321E-05  7.00844750E-05
5.47948721E-02  -1.17571235E-05  -1.46741451E-04
5.61311889E-02  2.38371918E-04  1.79853577E-04
5.74674952E-02  1.75734191E-04  3.27024189E-04
5.88037910E-02  3.88048464E-05  1.98517415E-03
6.01400758E-02  -1.17430250E-04  1.23861061E-04
6.14763496E-02  -4.02140595E-05  5.50324483E-05
6.28126120E-02  -8.07605897E-05  1.41369606E-04
6.41488628E-02  1.91248079E-05  5.85219895E-05
6.54851017E-02  -1.75293450E-04  2.53524466E-04
6.68213285E-02  -3.21774090E-05  1.15122732E-04
6.81575430E-02  8.08700047E-05  9.28255171E-05
6.94937449E-02  2.53212004E-05  -1.27177810E-04
7.08299339E-02  -9.68947277E-05  9.36005700E-05
7.21661098E-02  1.30253659E-04  1.56081878E-04
7.35022724E-02  -1.13706130E-04  1.48967652E-04
7.48384215E-02  2.32135416E-04  1.55036343E-04
7.61745566E-02  -3.56684360E-04  1.67499184E-04
7.75106778E-02  2.70745352E-04  1.64946629E-04
7.88467845E-02  -1.87695938E-04  1.87628807E-04
8.01828767E-02  9.04154736E-05  8.45982778E-04
8.15189541E-02  3.36069649E-05  5.12877189E-05
8.28550165E-02  -3.84129419E-04  1.55920252E-04
8.41910635E-02  6.96814915E-05  1.33579817E-04
8.55270949E-02  -4.07387193E-05  -1.25925668E-04
8.68631106E-02  -2.03572617E-04  1.35643795E-04
8.81991102E-02  5.99471821E-05  9.03663837E-04
8.95350935E-02  1.20624512E-04  1.47491698E-04
9.08710603E-02  -5.94462612E-05  1.35214556E-04
9.22070102E-02  1.49308844E-04  2.02771154E-04
9.35429432E-02  8.31137792E-06  -8.53620750E-05
9.48788588E-02  7.36049553E-05  2.68933832E-04
9.62147569E-02  -1.77099645E-04  1.30036265E-04
9.75506373E-02  6.48838017E-05  2.21096619E-04
9.88864996E-02  9.90320635E-05  1.34041800E-04
1.00222344E-01  1.58587907E-04  2.58438402E-04
1.01558169E-01  -1.06717853E-05  -8.00804635E-05
1.02893976E-01  7.75108805E-05  2.05062566E-04
1.04229764E-01  5.80888734E-06  -7.00548866E-05
1.05565532E-01  -1.16063699E-04  3.00683471E-04
1.06901281E-01  1.55666290E-05  -1.07483483E-04
1.08237011E-01  -4.38678741E-05  1.38712799E-04
1.09572720E-01  -1.36480760E-04  1.16313382E-04
1.10908409E-01  -7.67868030E-05  8.34932151E-05
1.12244077E-01  1.53987649E-04  1.73123249E-04
1.13579725E-01  3.16630775E-05  1.03883905E-04
1.14915352E-01  5.05067461E-05  2.33967316E-03
1.16250958E-01  -1.55949070E-04  1.24671880E-04
1.17586542E-01  6.74731551E-05  7.82323413E-05
1.18922104E-01  -2.19420677E-06  -1.03334668E-05
1.20257645E-01  3.12509812E-04  1.28836297E-04
1.21593163E-01  2.00145064E-05  4.77124983E-05
1.22928659E-01  3.72212777E-05  1.51983654E-04
1.24264132E-01  -2.91488603E-05  -1.55462715E-04
1.25599582E-01  -2.13387188E-04  1.15423613E-04
1.26935009E-01  -4.80500033E-05  1.32183336E-04
1.28270412E-01  -1.78310244E-05  3.49810594E-05
1.29605792E-01  -7.68979307E-05  8.15730443E-05
1.30941148E-01  1.86769693E-04  1.77339908E-04
1.32276480E-01  1.31715611E-04  1.02118914E-04
1.33611787E-01  -1.36962096E-04  1.33529251E-04
1.34947070E-01  1.01019339E-04  2.58766323E-04
1.36282327E-01  1.23008185E-04  1.28203416E-04
1.37617560E-01  3.96610459E-05  5.12774813E-05
1.38952767E-01  -2.98869321E-05  -6.21282646E-04
1.40287948E-01  -2.07565099E-04  1.41686655E-04
1.41623104E-01  -2.86685612E-06  2.85588459E-05
1.42958234E-01  8.40637850E-05  1.08510489E-04
1.44293337E-01  -5.05123339E-05  9.09426866E-05
1.45628413E-01  -3.91357295E-04  1.04096072E-04
1.46963463E-01  -2.51069247E-05  3.91131871E-05
1.48298485E-01  -2.26204126E-05  1.21433803E-04
1.49633480E-01  6.62537440E-05  9.49704844E-05
1.50968447E-01  -1.86294124E-04  9.11182200E-05
1.52303387E-01  2.45998260E-05  1.43171745E-04
1.53638298E-01  6.08404459E-05  1.29787435E-04
1.54973182E-01  6.81467582E-05  1.06739971E-04
1.56308036E-01  -8.60611350E-05  7.19496239E-05
1.57642862E-01  -7.74703431E-06  6.48971623E-05
1.58977658E-01  -1.37174241E-04  1.45200997E-04
1.60312426E-01  -2.25369271E-05  2.59183230E-05
1.61647163E-01  -8.54962700E-05  1.00314366E-04
1.62981871E-01  -3.31367598E-05  4.22886359E-05
1.64316549E-01  -1.21500297E-04  7.96748110E-05
1.65651196E-01  4.16959103E-05  8.22720986E-05
1.66985813E-01  1.15605709E-04  1.37250289E-04
1.68320399E-01  -9.95132618E-05  1.25300303E-04
1.69654954E-01  6.42626688E-06  -5.50380417E-05
1.70989478E-01  2.89293339E-05  4.17043998E-04
1.72323970E-01  1.55010965E-04  1.21480096E-04
1.73658431E-01  1.35109186E-04  1.16487207E-04
1.74992859E-01  9.19588847E-05  8.56418857E-05
1.76327255E-01  1.93083228E-05  -4.89265815E-04
1.77661619E-01  -1.21671903E-04  8.46443889E-05
1.78995950E-01  1.18389839E-04  1.13304580E-04
1.80330247E-01  -1.78752184E-05  3.37955019E-05
1.81664512E-01  1.50189668E-04  8.54393724E-05
1.82998743E-01  4.00196297E-05  5.99228146E-05
1.84332940E-01  -5.00599628E-05  7.07226787E-05
1.85667104E-01  3.95004236E-05  8.66608453E-05
1.87001233E-01  8.66817785E-05  1.07899266E-04
1.88335327E-01  6.08790649E-05  1.36740834E-04
1.89669387E-01  -9.43953454E-05  9.42678868E-05
1.91003412E-01  -8.36923699E-06  4.20567017E-04
1.92337402E-01  1.49683651E-05  1.92372447E-04
1.93671356E-01  -2.09391423E-05  9.91626765E-05
1.95005275E-01  1.64292361E-05  -2.41058366E-04
1.96339157E-01  7.45189281E-06  -2.19831789E-05
1.97673004E-01  -1.16629311E-04  1.00338930E-04
1.99006814E-01  7.84681289E-05  1.26062197E-04
2.00340587E-01  9.14917708E-05  1.45263496E-04
2.01674324E-01  1.49226489E-04  1.61194620E-04
2.03008023E-01  -1.05457081E-04  7.41286043E-05
2.04341685E-01  -2.33982364E-05  8.18861188E-05
2.05675309E-01  5.03504559E-05  1.93455169E-04
2.07008895E-01  -1.53840451E-04  8.02244846E-05
2.08342443E-01  1.01746780E-04  1.71386261E-04
2.09675953E-01  -1.18501992E-04  1.06846823E-04
2.11009424E-01  8.57278685E-05  2.19065268E-04
2.12342856E-01  2.99244710E-05  -1.18813345E-03
2.13676249E-01  -8.46948986E-05  1.03415581E-04
2.15009603E-01  7.08051141E-05  8.88821024E-05
2.16342917E-01  5.48495501E-05  7.37238742E-05
2.17676192E-01  2.23055597E-05  7.81552499E-05
2.19009426E-01  1.53004110E-04  1.04541969E-04
2.20342620E-01  -1.17868381E-04  9.21289597E-05
2.21675773E-01  9.80099205E-05  1.54831815E-04
2.23008885E-01  -2.84103093E-05  1.56910288E-03
2.24341957E-01  3.33403686E-06  -4.04937329E-06
2.25674987E-01  -2.60813987E-05  9.36701951E-05
2.27007976E-01  2.41872867E-06  -5.80102798E-06
2.28340922E-01  -9.32545954E-05  8.97039018E-05
2.29673827E-01  6.35063366E-06  -1.18747051E-04
2.31006689E-01  1.25817253E-04  9.12685878E-05
2.32339509E-01  -4.69093398E-05  1.70201770E-04
2.33672286E-01  1.53876040E-05  4.38776219E-05
2.35005021E-01  1.02879886E-04  6.26217696E-05
2.36337711E-01  -1.15420697E-04  8.31227073E-05
2.37670359E-01  7.56267000E-06  -1.14402488E-04
2.39002962E-01  1.97187346E-05  7.29492440E-05
2.40335522E-01  3.33802970E-05  -6.06874251E-04
2.41668037E-01  -6.80405298E-06  1.56204747E-04
2.43000508E-01  -5.11133772E-05  5.96073943E-05
2.44332934E-01  1.88553555E-04  9.98061572E-05
2.45665316E-01  3.49981431E-05  -5.45742397E-04
2.46997652E-01  -3.80025642E-05  1.82837472E-04
2.48329942E-01  1.20787392E-05  2.48168351E-04
2.49662187E-01  -1.34965154E-04  8.09328440E-05
2.50994386E-01  1.19969761E-04  9.59171264E-05
2.52326539E-01  -5.31665462E-05  9.63169500E-05
2.53658646E-01  4.42514713E-05  1.62146432E-04
2.54990705E-01  -6.67021850E-05  1.29640264E-04
2.56322718E-01  -1.17120695E-04  1.36357214E-04
2.57654684E-01  -4.26737868E-05  6.85078827E-05
2.58986602E-01  7.51912558E-05  6.80809655E-05
2.60318473E-01  4.14870087E-05  6.96174073E-04
2.61650296E-01  -4.45870186E-05  6.48068325E-05
2.62982071E-01  6.27582548E-05  6.37926344E-05
2.64313797E-01  8.00263361E-06  1.78031108E-05
2.65645475E-01  -1.10342496E-04  7.70930394E-05
2.66977104E-01  -2.22819350E-05  3.74773229E-05
2.68308684E-01  7.50577615E-05  1.27342668E-04
2.69640214E-01  1.03393605E-04  1.12178715E-04
2.70971695E-01  1.06924031E-05  1.67136134E-04
2.72303126E-01  2.77866227E-05  2.28667379E-04
2.73634508E-01  9.12712870E-05  7.50408242E-05
2.74965838E-01  1.14516562E-04  1.06351855E-04
2.76297119E-01  2.67594602E-05  7.22216424E-05
2.77628348E-01  -2.52987285E-05  9.42492142E-05
2.78959527E-01  -2.02326326E-05  4.70388824E-05
2.80290654E-01  -5.47280221E-06  2.69468029E-05
2.81621730E-01  2.08516026E-05  8.17961427E-04
2.82952754E-01  -7.58183553E-05  8.14136837E-05
2.84283726E-01  -6.96261834E-06  3.32678295E-05
2.85614646E-01  1.13416380E-04  6.38033254E-05
2.86945514E-01  5.74814279E-05  7.33525395E-04
2.88276328E-01  1.40175561E-04  9.90485574E-05
2.89607090E-01  -6.53845253E-07  -4.06573071E-06
2.90937799E-01  -7.83505118E-05  4.97969915E-05
2.92268454E-01  -1.09056027E-04  7.03542850E-05
2.93599055E-01  9.29027605E-05  7.54939599E-05
2.94929603E-01  -1.01772083E-04  7.83779355E-05
2.96260097E-01  9.67700076E-06  1.45106441E-04
2.97590536E-01  5.73270388E-06  4.53618393E-05
2.98920920E-01  -5.09933928E-05  1.87331530E-04
3.00251250E-01  -1.32602222E-04  9.01494614E-05
3.01581524E-01  4.92491980E-05  1.03351676E-04
3.02911743E-01  1.10749065E-04  1.84684939E-04
3.04241907E-01  9.68601794E-05  9.18752817E-05
3.05572015E-01  -4.24788965E-05  5.85437675E-05
3.06902066E-01  -6.53259660E-05  6.40275410E-05
3.08232062E-01  1.38415296E-04  8.28693740E-05
3.09562000E-01  -3.26422665E-05  5.12543274E-05
3.10891882E-01  4.91141894E-05  1.48431534E-04
3.12221707E-01  -3.26123124E-05  5.01266274E-05
3.13551475E-01  -7.49033266E-05  6.57230175E-05
3.14881185E-01  5.34786440E-05  6.50112708E-05
3.16210838E-01  5.41371472E-05  3.52453023E-04
3.17540432E-01  -1.62400271E-05  6.11407131E-05
3.18869968E-01  -4.78566297E-05  1.00727656E-04
3.20199446E-01  -2.95143524E-05  5.84910721E-05
3.21528865E-01  -9.11859833E-05  8.19265083E-05
3.22858225E-01  -1.20198161E-06  -5.22573993E-06
3.24187526E-01  -3.19692066E-05  6.88482784E-05
3.25516768E-01  -3.14520775E-04  7.91911787E-05
3.26845949E-01  1.32143388E-04  1.06988768E-04
3.28175071E-01  -2.02470482E-04  7.16077550E-05
3.29504133E-01  8.26259416E-05  8.53142754E-05
3.30833134E-01  -3.98606536E-05  3.13390671E-05
3.32162075E-01  -9.06189075E-05  1.05445899E-04
3.33490955E-01  3.38737212E-05  6.37314133E-05
3.34819774E-01  -8.41490875E-05  7.93864496E-05
3.36148531E-01  -3.84488743E-05  4.06851091E-05
3.37477227E-01  -8.92444670E-05  8.89494757E-05
3.38805861E-01  -1.75167973E-05  3.32986598E-05
3.40134433E-01  1.14988671E-04  9.91378929E-05
3.41462943E-01  -3.01007105E-05  6.74512171E-05
3.42791390E-01  1.03332046E-04  1.64363965E-04
3.44119774E-01  4.67948777E-05  9.29469224E-05
3.45448095E-01  5.52119152E-05  1.06643361E-04
3.46776353E-01  -4.44173301E-05  1.86373120E-04
3.48104548E-01  6.12360135E-05  7.11459456E-05
3.49432679E-01  4.24310162E-05  1.32455295E-04
3.50760746E-01  5.13148174E-05  1.29302398E-04
3.52088749E-01  8.39780618E-05  6.11697030E-05
3.53416687E-01  -1.25810214E-04  6.04956172E-05
3.54744560E-01  8.26467942E-05  1.06242713E-04
3.56072369E-01  1.40645124E-04  1.27159247E-04
3.57400112E-01  -1.51644474E-05  -5.78105569E-03
3.58727791E-01  4.60727864E-05  1.21268431E-04
3.60055403E-01  -4.54127072E-06  1.83818534E-05
3.61382950E-01  2.67422244E-04  1.07867575E-04
3.62710430E-01  8.77724783E-05  8.71967246E-05
3.64037844E-01  1.03624199E-04  1.41871834E-04
3.65365192E-01  -2.92218156E-05  3.01622171E-04
3.66692473E-01  4.34081897E-05  -5.09012724E-04
3.68019686E-01  6.56576556E-05  1.33084646E-04
3.69346833E-01  -1.39506604E-05  1.45997082E-04
3.70673911E-01  1.87161415E-05  8.65392751E-05
3.72000922E-01  9.98792880E-05  1.06404590E-04
3.73327866E-01  2.22897472E-05  6.93745278E-05
3.74654740E-01  3.03003103E-05  -6.12671503E-05
3.75981547E-01  4.95952937E-05  5.93813452E-05
3.77308284E-01  8.26128034E-05  1.46259792E-04
3.78634953E-01  -4.87480516E-05  7.16106003E-05
3.79961552E-01  4.78096657E-05  7.05143012E-05
3.81288082E-01  3.00263928E-04  1.00517386E-04
3.82614543E-01  -9.75624413E-05  1.13647601E-04
3.83940933E-01  -1.21320495E-04  9.50327939E-05
3.85267254E-01  -6.71108140E-05  6.97593454E-05
3.86593504E-01  -3.91313057E-05  6.10978149E-05
3.87919683E-01  5.45247936E-05  2.31631676E-04
3.89245791E-01  -4.97537649E-05  3.24225300E-05
3.90571829E-01  6.85063210E-05  1.35478129E-04
3.91897795E-01  4.71418943E-05  3.01162670E-04
3.93223690E-01  4.29167379E-05  1.54244347E-04
3.94549512E-01  8.06977765E-05  1.09697641E-04
3.95875263E-01  -5.05570912E-05  -2.15357415E-04
3.97200941E-01  4.78289243E-05  9.00287178E-05
3.98526547E-01  3.47069202E-05  -6.77867560E-04
3.99852081E-01  -7.45206593E-05  7.62773756E-05
4.01177541E-01  -9.58690491E-07  6.75798957E-06
4.02502928E-01  1.17577194E-05  2.87730774E-05
4.03828242E-01  -2.13450211E-04  1.16638079E-04
4.05153481E-01  -4.22630578E-05  8.46047600E-05
4.06478647E-01  1.34446152E-04  8.37538488E-05
4.07803739E-01  1.04316486E-04  1.40714384E-04
4.09128757E-01  3.00905565E-05  7.37789249E-04
4.10453700E-01  4.07521928E-05  1.74459821E-04
4.11778568E-01  -1.07804102E-05  -2.78620243E-04
4.13103361E-01  -1.74874671E-05  -2.20348242E-04
4.14428078E-01  -1.49138267E-04  7.06051744E-05
4.15752720E-01  -1.50992532E-04  1.30806409E-04
4.17077287E-01  -4.76282371E-06  -8.07085660E-06
4.18401777E-01  -2.90280551E-05  5.46221674E-05
4.19726191E-01  -3.65797367E-05  8.72267179E-05
4.21050528E-01  -5.02704831E-05  1.64876796E-04
4.22374789E-01  -5.98704498E-06  1.59798018E-05
4.23698973E-01  2.42796275E-05  6.98517523E-05
4.25023079E-01  -3.22311313E-05  5.38250461E-05
4.26347108E-01  9.25624722E-05  1.38570944E-04
4.27671060E-01  -1.27144523E-04  7.29576784E-05
4.28994934E-01  2.14802675E-05  1.39094771E-04
4.30318729E-01  2.52108614E-04  9.55887011E-05
4.31642446E-01  2.16510162E-04  1.04656896E-04
4.32966085E-01  1.26338795E-04  1.80765283E-04
4.34289644E-01  -8.47363474E-05  7.86615680E-05
4.35613125E-01  -1.61274230E-04  1.01626836E-04
4.36936526E-01  1.62054152E-04  1.18757473E-04
4.38259848E-01  3.18006751E-05  9.65844638E-05
4.39583090E-01  1.71475639E-04  1.15798815E-04
4.40906252E-01  -5.47679659E-05  5.20142205E-05
4.42229334E-01  -5.91321830E-05  1.11951348E-04
4.43552335E-01  -8.03696712E-06  -7.61788868E-04
4.44875255E-01  9.03676186E-05  1.30389285E-04
4.46198095E-01  9.48898614E-05  1.43020331E-04
4.47520853E-01  -1.04764378E-04  9.13757085E-05
4.48843531E-01  1.09436900E-04  8.91969327E-05
4.50166126E-01  -4.53392725E-05  1.21642900E-03
4.51488640E-01  1.48827644E-04  1.71532224E-04
4.52811071E-01  1.46804560E-05  -3.11040035E-04
4.54133420E-01  -1.21594427E-04  7.38575842E-05
4.55455687E-01  -2.91865689E-05  1.33446106E-04
4.56777871E-01  -2.26238509E-04  1.13415857E-04
4.58099971E-01  4.08731037E-06  3.39145966E-05
4.59421989E-01  1.41383265E-04  1.65607481E-04
4.60743923E-01  -3.88474678E-05  3.31056812E-04
4.62065773E-01  -1.60592261E-04  1.06507321E-04
4.63387539E-01  9.66226870E-05  1.64186275E-04
4.64709222E-01  -1.10413378E-04  1.48095944E-04
4.66030819E-01  3.90957854E-05  7.44570537E-05
4.67352332E-01  -8.83499740E-05  2.48960743E-04
4.68673761E-01  -2.47346620E-04  1.13141835E-04
4.69995104E-01  1.84616989E-04  1.39305323E-04
4.71316361E-01  1.72374815E-04  1.35788471E-04
4.72637534E-01  -1.53785824E-05  1.66451964E-03
4.73958620E-01  4.16061057E-04  1.38616800E-04
4.75279620E-01  6.00641365E-05  2.27284905E-04
4.76600534E-01  1.07122357E-04  2.60340569E-04
4.77921362E-01  1.42234744E-04  1.47123358E-04
4.79242103E-01  -6.56477897E-05  1.06198251E-04
4.80562757E-01  -7.08257188E-05  7.66822573E-04
4.81883323E-01  -9.86354310E-05  1.26850827E-04
4.83203803E-01  8.37629949E-05  1.71501817E-04
4.84524194E-01  1.54544044E-04  1.35528507E-04
4.85844498E-01  1.22861145E-04  -2.10837281E-03
4.87164714E-01  -5.91383042E-05  1.43632495E-04
4.88484841E-01  -1.26791035E-04  2.06578581E-04
4.89804880E-01  2.23573162E-04  2.08722368E-04
4.91124830E-01  1.08847395E-08  -1.02800637E-07
4.92444691E-01  -4.79787609E-05  7.32033802E-05
4.93764462E-01  -9.00550285E-05  1.25711935E-04
4.95084144E-01  -9.73744542E-05  9.91429897E-05
4.96403737E-01  3.76019848E-04  2.09083060E-04
4.97723239E-01  -2.47073716E-04  2.07953233E-04
4.99042652E-01  -1.98857206E-04  1.63714455E-04
5.00361973E-01  -2.31245076E-04  1.28260307E-04
5.01681205E-01  -1.81283585E-04  1.37772438E-04
5.03000345E-01  1.39593121E-04  1.66422755E-04
5.04319394E-01  -2.94653323E-04  1.66952722E-04
5.05638352E-01  7.74624861E-05  2.88037033E-04
5.06957219E-01  -1.67324913E-04  2.04934577E-04
5.08275993E-01  -8.78891369E-05  9.68118942E-05
5.09594676E-01  3.87897230E-05  8.11309334E-05
5.10913266E-01  -1.98099412E-05  -1.40859827E-04
5.12231764E-01  3.91028435E-04  2.91867528E-04
5.13550170E-01  1.86378523E-04  5.29746444E-04
5.14868482E-01  -4.02844950E-05  3.55475933E-04
5.16186701E-01  -1.70747767E-04  2.91408117E-04
5.17504827E-01  4.63388771E-04  2.07015522E-04
5.18822859E-01  6.85007518E-05  2.43911806E-04
5.20140797E-01  -1.02937839E-04  2.79191722E-04
5.21458641E-01  -1.62183602E-04  1.13016786E-04
5.22776391E-01  -8.00212225E-05  1.32189865E-04
5.24094047E-01  1.26293972E-04  2.30402439E-04
5.25411608E-01  -6.23714646E-05  9.34755092E-05
5.26729073E-01  -3.61927665E-04  2.51655382E-04
5.28046444E-01  2.30464446E-04  3.66037375E-04
5.29363719E-01  -2.29214901E-04  6.01654768E-04
5.30680898E-01  -3.97490951E-04  2.95942314E-04
5.31997982E-01  -1.53130126E-04  2.13527086E-04
5.33314969E-01  1.70180329E-04  2.45464043E-04
5.34631861E-01  5.04579900E-05  1.46592331E-04
5.35948655E-01  5.74604651E-04  2.94962872E-04
5.37265353E-01  1.44405788E-04  8.18885013E-04
5.38581954E-01  3.20195598E-04  3.11934614E-04
5.39898457E-01  3.58184480E-04  3.45862782E-04
5.41214863E-01  -6.56779407E-04  3.57094970E-04
5.42531172E-01  5.34053362E-05  3.88588552E-04
5.43847382E-01  2.97710541E-04  2.96032591E-04
5.45163494E-01  2.36311438E-04  3.86363799E-04
5.46479508E-01  1.97395005E-04  5.23055873E-04
5.47795424E-01  2.73901487E-04  5.28934219E-04
5.49111240E-01  -3.50685659E-04  1.09830857E-03
5.50426957E-01  2.64378000E-04  3.93921153E-04
5.51742576E-01  -3.93006753E-04  4.38749776E-04
5.53058094E-01  -7.89783082E-05  6.66850192E-04
5.54373513E-01  -2.42167986E-06  -1.36112597E-04
5.55688832E-01  -8.39124414E-07  -2.99984825E-06
5.57004051E-01  2.60168512E-05  1.61318421E-04
5.58319169E-01  1.38124797E-04  -6.30691747E-04
5.59634187E-01  1.01748521E-03  6.59871834E-04
5.60949104E-01  -8.14714274E-05  2.15012821E-04
5.62263920E-01  -1.61091667E-04  1.03010276E-03
5.63578635E-01  6.48772611E-04  7.56988134E-04
5.64893248E-01  -3.44548916E-04  -1.89868033E-02
5.66207759E-01  -1.42808648E-04  4.01587250E-04
5.67522168E-01  -1.48682227E-05  8.23107418E-05
5.68836475E-01  4.15883758E-04  4.36005857E-04
5.70150680E-01  -4.88448561E-04  4.18623380E-04
5.71464782E-01  7.60694955E-04  9.38664577E-04
5.72778781E-01  -7.13318562E-04  4.78468497E-04
5.74092677E-01  -2.68481143E-05  -3.83645471E-02
5.75406470E-01  3.68933360E-04  5.41234093E-04
5.76720159E-01  -6.14374759E-04  8.25710160E-04
5.78033745E-01  -5.74557626E-04  4.93432125E-04
5.79347226E-01  -2.40356454E-04  3.14464911E-04
5.80660603E-01  -8.20763169E-04  4.10842062E-04


### HEADER:
#
#{
#    "analysis": {},
#    "filename": "S_02489_A1_BSA_10_194_c.dat",
#    "history": {
#        "baseline_correction": {
#            "initial_file": [
#                "S_02489_A1_BSA_10_194_c.dat",
#                {
#                    "subtraction": {
#                        "initial_file": [
#                            "02489_A1_BSA_10_194_c.dat"
#                        ],
#                        "subtracted_file": [
#                            "A_02489_A1_BSA_10_225_c.dat",
#                            {
#                                "averaged_files": [
#                                    [
#                                        "02489_A1_BSA_10_225_c.dat"
#                                    ],
#                                    [
#                                        "02489_A1_BSA_10_226_c.dat"
#                                    ],
#                                    [
#                                        "02489_A1_BSA_10_227_c.dat"
#                                    ],
#                                    [
#                                        "02489_A1_BSA_10_228_c.dat"
#                                    ],
#                                    [
#                                        "02489_A1_BSA_10_229_c.dat"
#                                    ],
#                                    [
#                                        "02489_A1_BSA_10_230_c.dat"
#                                    ],
#                                    [
#                                        "02489_A1_BSA_10_231_c.dat"
#                                    ],
#                                    [
#                                        "02489_A1_BSA_10_232_c.dat"
#                                    ],
#                                    [
#                                        "02489_A1_BSA_10_233_c.dat"
#                                    ],
#                                    [
#                                        "02489_A1_BSA_10_234_c.dat"
#                                    ],
#                                    [
#                                        "02489_A1_BSA_10_235_c.dat"
#                                    ],
#                                    [
#                                        "02489_A1_BSA_10_236_c.dat"
#                                    ],
#                                    [
#                                        "02489_A1_BSA_10_237_c.dat"
#                                    ],
#                                    [
#                                        "02489_A1_BSA_10_238_c.dat"
#                                    ],
#                                    [
#                                        "02489_A1_BSA_10_239_c.dat"
#                                    ],
#                                    [
#                                        "02489_A1_BSA_10_240_c.dat"
#                                    ],
#                                    [
#                                        "02489_A1_BSA_10_241_c.dat"
#                                    ],
#                                    [
#                                        "02489_A1_BSA_10_242_c.dat"
#                                    ],
#                                    [
#                                        "02489_A1_BSA_10_243_c.dat"
#                                    ]
#                                ]
#                            }
#                        ]
#                    }
#                }
#            ],
#            "type": "Linear"
#        }
#    }
#}

