### DATA:
#
# 430
#      Q             I(Q)           Error     
1.06922151E-02  -1.90366973E-04  4.51480759E-04
1.20287357E-02  9.87924660E-04  3.39987186E-03
1.33652541E-02  1.54708335E-03  2.23222020E-03
1.47017700E-02  5.31959992E-04  7.17043224E-04
1.60382831E-02  1.62148111E-04  1.78064237E-03
1.73747933E-02  1.61692347E-04  5.74907404E-04
1.87113003E-02  6.44266266E-04  5.27140820E-04
2.00478039E-02  -5.59177791E-05  1.10173247E-04
2.13843037E-02  -3.26376045E-04  4.41793733E-04
2.27207996E-02  2.18902160E-04  3.26928813E-04
2.40572913E-02  -4.41886329E-04  3.71882216E-04
2.53937785E-02  1.08195467E-04  2.62888348E-04
2.67302610E-02  3.21383286E-05  3.37143687E-04
2.80667386E-02  -5.03916645E-04  2.76986114E-04
2.94032110E-02  1.91469886E-04  3.68859303E-04
3.07396780E-02  1.41680999E-04  5.46065216E-04
3.20761393E-02  1.32725156E-04  5.88576609E-04
3.34125946E-02  -5.53071203E-05  3.00184167E-04
3.47490438E-02  5.86266828E-05  2.99804941E-04
3.60854865E-02  2.47400059E-04  2.36766570E-04
3.74219226E-02  2.82138491E-04  2.52615084E-04
3.87583518E-02  -7.42924566E-05  1.27273418E-04
4.00947738E-02  -4.81936832E-05  4.37919110E-04
4.14311883E-02  1.67227359E-04  2.66779551E-04
4.27675953E-02  -4.49003399E-04  1.76127133E-04
4.41039943E-02  -1.32395632E-04  2.37568785E-04
4.54403851E-02  1.01639908E-04  1.09581941E-04
4.67767676E-02  -1.02613043E-04  4.99926265E-04
4.81131414E-02  -2.19448543E-04  1.86072314E-04
4.94495063E-02  9.16465910E-05  2.07114756E-04
5.07858621E-02  3.21088688E-04  1.78827614E-04
5.21222085E-02  -1.51096452E-04  2.26032406E-04
5.34585452E-02  -1.44404752E-04  2.15667016E-04
5.47948721E-02  7.18394203E-05  1.29135997E-04
5.61311889E-02  -1.07848941E-04  1.50669640E-04
5.74674952E-02  1.35731471E-04  4.01736347E-04
5.88037910E-02  1.84292404E-04  2.19466341E-04
6.01400758E-02  2.27761682E-04  1.98242572E-04
6.14763496E-02  1.17751990E-04  5.95720320E-04
6.28126120E-02  3.44855287E-04  1.79021700E-04
6.41488628E-02  -1.21519963E-04  2.44382733E-04
6.54851017E-02  4.82897064E-05  6.63169880E-05
6.68213285E-02  -6.21067056E-05  1.46351491E-04
6.81575430E-02  -1.65606484E-04  2.50987804E-04
6.94937449E-02  -3.97692349E-05  7.05330442E-05
7.08299339E-02  -9.72113661E-05  8.87682636E-05
7.21661098E-02  1.66252717E-04  1.56924674E-04
7.35022724E-02  3.29257851E-04  1.69896843E-04
7.48384215E-02  3.02365142E-04  1.49357252E-04
7.61745566E-02  -3.48594201E-04  1.67216557E-04
7.75106778E-02  -6.29184805E-05  1.48971094E-04
7.88467845E-02  2.10579322E-04  1.44088015E-04
8.01828767E-02  -2.67805568E-04  1.25763027E-04
8.15189541E-02  -2.22131067E-05  -6.36181208E-05
8.28550165E-02  -1.13561366E-04  2.25762987E-04
8.41910635E-02  8.19061631E-05  1.35930539E-04
8.55270949E-02  -8.33353943E-06  -1.59331523E-05
8.68631106E-02  -1.29820039E-04  1.35096148E-04
8.81991102E-02  9.25077660E-05  3.45760361E-04
8.95350935E-02  -1.85304435E-05  4.70603605E-04
9.08710603E-02  2.29622697E-04  1.69466319E-04
9.22070102E-02  -3.22293286E-04  1.29635769E-04
9.35429432E-02  8.52684624E-05  2.18695983E-04
9.48788588E-02  -6.13727075E-05  1.04767445E-04
9.62147569E-02  1.83878349E-04  1.70087381E-04
9.75506373E-02  2.50500051E-04  1.72012261E-04
9.88864996E-02  9.22166253E-05  1.20549442E-04
1.00222344E-01  -1.38960339E-04  1.02274161E-04
1.01558169E-01  -5.36299366E-05  3.58752362E-04
1.02893976E-01  -2.17433427E-05  7.02041327E-05
1.04229764E-01  -8.17943168E-05  1.20690112E-04
1.05565532E-01  -2.33999158E-04  1.89383296E-04
1.06901281E-01  -2.20149117E-04  1.18077428E-04
1.08237011E-01  -8.20789542E-05  1.35628812E-04
1.09572720E-01  1.26460051E-04  1.79582169E-04
1.10908409E-01  -2.44044415E-04  1.07394740E-04
1.12244077E-01  1.17339947E-04  1.82327575E-04
1.13579725E-01  9.52628716E-06  6.99062754E-05
1.14915352E-01  -1.94161827E-04  1.00876815E-04
1.16250958E-01  -1.02916804E-04  1.14032430E-04
1.17586542E-01  -5.40630058E-05  6.21746073E-04
1.18922104E-01  -1.14332961E-04  1.58202048E-04
1.20257645E-01  -2.50866455E-05  1.59190536E-04
1.21593163E-01  -5.62655810E-05  2.85174328E-04
1.22928659E-01  -6.45004892E-05  1.16185545E-04
1.24264132E-01  -1.68579187E-04  1.76541500E-04
1.25599582E-01  -5.25023869E-05  9.82722781E-05
1.26935009E-01  -6.81911560E-05  1.21523083E-04
1.28270412E-01  1.64022780E-04  1.70259745E-04
1.29605792E-01  4.21302343E-05  7.28380281E-04
1.30941148E-01  1.02125496E-04  2.59199802E-04
1.32276480E-01  3.76943300E-04  1.11125533E-04
1.33611787E-01  5.38336455E-05  8.68066709E-05
1.34947070E-01  -1.46243384E-05  2.43737971E-05
1.36282327E-01  3.91110772E-06  -6.51234558E-05
1.37617560E-01  -9.92328391E-05  2.44222293E-04
1.38952767E-01  -1.04349136E-04  1.78940219E-04
1.40287948E-01  -7.49264185E-05  3.68944003E-04
1.41623104E-01  1.03136119E-04  1.24260753E-04
1.42958234E-01  1.20223631E-05  8.35034025E-05
1.44293337E-01  7.07730131E-05  1.32249230E-04
1.45628413E-01  -9.58922436E-05  9.91609945E-05
1.46963463E-01  -7.68102209E-05  6.69913925E-05
1.48298485E-01  9.74574344E-05  1.06315795E-04
1.49633480E-01  -9.33481902E-05  1.19365652E-04
1.50968447E-01  -3.15585108E-05  5.83946019E-05
1.52303387E-01  1.25189012E-04  1.14797563E-04
1.53638298E-01  1.94878479E-04  1.20683847E-04
1.54973182E-01  1.40532701E-04  1.07676240E-04
1.56308036E-01  4.50048294E-05  8.69494265E-04
1.57642862E-01  -2.26471094E-05  9.29625789E-05
1.58977658E-01  -1.81417273E-04  1.43572465E-04
1.60312426E-01  -1.17767230E-05  1.41537762E-05
1.61647163E-01  1.64308054E-04  1.09853489E-04
1.62981871E-01  -9.53829170E-07  2.04514878E-06
1.64316549E-01  -3.72316562E-05  5.71526324E-05
1.65651196E-01  1.51110742E-04  9.91076501E-05
1.66985813E-01  1.55321705E-04  1.25605404E-04
1.68320399E-01  -3.73430731E-05  2.23703395E-04
1.69654954E-01  -1.28131825E-04  9.08393133E-05
1.70989478E-01  -3.94068148E-05  6.30442384E-05
1.72323970E-01  -5.97616614E-05  7.74525822E-05
1.73658431E-01  3.92806009E-05  1.56255594E-04
1.74992859E-01  8.85493915E-06  3.33107469E-05
1.76327255E-01  1.08203214E-04  1.33443173E-04
1.77661619E-01  1.59500197E-04  1.10408870E-04
1.78995950E-01  5.56254968E-05  1.29772732E-04
1.80330247E-01  2.82117631E-05  -5.39559506E-04
1.81664512E-01  -1.14025569E-04  1.23566075E-04
1.82998743E-01  -1.01286642E-04  1.28013681E-04
1.84332940E-01  -5.19532893E-05  7.55656842E-05
1.85667104E-01  2.20204264E-04  1.00187945E-04
1.87001233E-01  6.51769155E-05  1.08416190E-04
1.88335327E-01  1.19482956E-04  1.17420002E-04
1.89669387E-01  -1.81713386E-04  1.00746647E-04
1.91003412E-01  7.05401466E-05  9.20243260E-05
1.92337402E-01  6.93505278E-05  1.13476089E-04
1.93671356E-01  5.65774951E-06  9.77616159E-05
1.95005275E-01  -1.63979143E-04  8.60793927E-05
1.96339157E-01  -8.81651177E-05  6.83197726E-05
1.97673004E-01  2.54046626E-05  9.29563955E-05
1.99006814E-01  1.34409295E-05  2.03391873E-03
2.00340587E-01  -1.44186346E-04  8.41673515E-05
2.01674324E-01  -4.30878200E-05  4.63784516E-05
2.03008023E-01  -3.03654662E-06  8.89366214E-06
2.04341685E-01  -1.12811318E-04  9.46821118E-05
2.05675309E-01  -5.79579892E-05  6.94160273E-05
2.07008895E-01  -1.04489150E-04  7.38255744E-05
2.08342443E-01  1.11055156E-04  1.58139523E-04
2.09675953E-01  1.07021850E-04  9.61713789E-05
2.11009424E-01  3.03580542E-04  1.19174505E-04
2.12342856E-01  -1.20916383E-04  7.48193197E-05
2.13676249E-01  5.01695910E-05  1.00895387E-04
2.15009603E-01  -6.62742771E-05  1.15945438E-04
2.16342917E-01  2.86698382E-05  6.00813161E-05
2.17676192E-01  -2.38279182E-05  1.29060954E-04
2.19009426E-01  6.07275031E-05  1.13826446E-04
2.20342620E-01  -7.73266843E-05  9.31936660E-05
2.21675773E-01  -1.05122862E-04  6.62863524E-05
2.23008885E-01  1.53030902E-05  3.41353029E-05
2.24341957E-01  -7.00364963E-06  7.43182990E-06
2.25674987E-01  4.58996211E-05  9.04176874E-05
2.27007976E-01  1.83107693E-04  1.24361460E-04
2.28340922E-01  4.96877894E-05  1.00237225E-04
2.29673827E-01  -2.23653792E-04  8.26232239E-05
2.31006689E-01  -1.27688966E-04  8.71107085E-05
2.32339509E-01  -4.71754290E-05  1.73768676E-04
2.33672286E-01  1.65738305E-05  4.43169371E-05
2.35005021E-01  5.04332615E-06  8.55340222E-06
2.36337711E-01  1.06115307E-04  9.51518893E-05
2.37670359E-01  1.43529042E-04  1.00839729E-04
2.39002962E-01  -4.27075702E-05  9.71370795E-05
2.40335522E-01  -1.31969675E-04  6.73863142E-05
2.41668037E-01  1.24053280E-04  8.38107731E-05
2.43000508E-01  -1.16178721E-04  7.28400489E-05
2.44332934E-01  -1.15611420E-04  7.47734134E-05
2.45665316E-01  -4.09616154E-05  4.36876817E-05
2.46997652E-01  3.83526377E-05  5.86459827E-05
2.48329942E-01  5.19721968E-05  1.00103210E-04
2.49662187E-01  1.56726044E-04  8.98488488E-05
2.50994386E-01  -3.49763271E-06  2.73896371E-05
2.52326539E-01  1.34755489E-04  8.12159398E-05
2.53658646E-01  -2.62525311E-05  4.78835005E-05
2.54990705E-01  -5.85212470E-05  1.42946680E-04
2.56322718E-01  -4.40331054E-05  -1.69450590E-03
2.57654684E-01  -6.39342145E-06  3.75276982E-05
2.58986602E-01  -2.11946509E-05  1.08040893E-03
2.60318473E-01  6.30716755E-06  -1.74106570E-05
2.61650296E-01  9.64253469E-05  9.29456620E-05
2.62982071E-01  9.99847481E-05  6.92252160E-05
2.64313797E-01  4.42940449E-05  4.87654468E-05
2.65645475E-01  -7.96232089E-05  7.89627166E-05
2.66977104E-01  -3.15992326E-07  9.26638736E-07
2.68308684E-01  -9.96880967E-05  6.56176037E-05
2.69640214E-01  4.58105650E-05  2.01704016E-04
2.70971695E-01  -1.53642839E-05  6.29736707E-05
2.72303126E-01  1.27077421E-05  -2.21496897E-04
2.73634508E-01  1.14486695E-04  7.26385511E-05
2.74965838E-01  -3.89046570E-05  4.89099019E-05
2.76297119E-01  -2.85890184E-05  9.57482255E-05
2.77628348E-01  6.34834693E-05  7.71149828E-05
2.78959527E-01  -5.15500777E-05  6.20198751E-05
2.80290654E-01  -2.02569930E-04  7.40527479E-05
2.81621730E-01  -1.90053631E-05  4.14445658E-05
2.82952754E-01  -4.90628648E-05  8.68437785E-05
2.84283726E-01  -7.99402445E-05  6.90799766E-05
2.85614646E-01  5.71743080E-06  1.41930166E-05
2.86945514E-01  -1.32127088E-05  1.66278167E-05
2.88276328E-01  1.12549882E-04  1.00007590E-04
2.89607090E-01  -3.76504911E-05  1.31233689E-04
2.90937799E-01  1.11645485E-04  1.38116193E-04
2.92268454E-01  -8.31472477E-05  6.63795326E-05
2.93599055E-01  -1.34418127E-04  8.53328704E-05
2.94929603E-01  -7.39620834E-06  9.65724146E-05
2.96260097E-01  -4.56261161E-05  7.35496698E-05
2.97590536E-01  -1.36919893E-04  8.22277582E-05
2.98920920E-01  -9.86337059E-05  1.15674418E-04
3.00251250E-01  -2.96356945E-06  -1.56240581E-05
3.01581524E-01  5.84674233E-05  9.81174546E-05
3.02911743E-01  6.70399498E-05  1.35896371E-03
3.04241907E-01  -7.18163399E-05  6.99246911E-05
3.05572015E-01  -4.11315528E-05  6.27565130E-05
3.06902066E-01  4.91208085E-05  1.21874017E-04
3.08232062E-01  -5.09474896E-05  7.83731523E-05
3.09562000E-01  8.99400361E-05  9.87952694E-05
3.10891882E-01  -3.60007981E-05  5.02050359E-05
3.12221707E-01  2.14161099E-05  5.11418241E-04
3.13551475E-01  1.00340239E-04  9.71233601E-05
3.14881185E-01  4.73154454E-05  5.99958219E-05
3.16210838E-01  8.79659457E-05  1.46519496E-04
3.17540432E-01  -3.09707141E-05  7.15936230E-05
3.18869968E-01  1.57757781E-04  7.71847522E-05
3.20199446E-01  1.07425265E-04  8.76120260E-05
3.21528865E-01  2.67348176E-05  6.91184222E-05
3.22858225E-01  -7.48072627E-05  1.06609059E-04
3.24187526E-01  1.11517747E-04  8.27765738E-05
3.25516768E-01  -3.48576871E-05  1.10977805E-04
3.26845949E-01  3.13124437E-05  1.13989664E-03
3.28175071E-01  8.92654577E-05  9.62421948E-05
3.29504133E-01  -1.01610788E-04  7.94661475E-05
3.30833134E-01  -6.30825020E-05  4.14408639E-05
3.32162075E-01  6.68550586E-05  6.32308157E-05
3.33490955E-01  -1.31168472E-04  8.46403071E-05
3.34819774E-01  -9.99970120E-06  6.85807086E-05
3.36148531E-01  -5.44411946E-05  4.63364389E-05
3.37477227E-01  1.13632925E-04  7.54885566E-05
3.38805861E-01  1.20083335E-04  1.02140968E-04
3.40134433E-01  -3.82346607E-05  4.95645801E-05
3.41462943E-01  2.08486072E-05  1.14432180E-04
3.42791390E-01  -6.75056277E-05  4.49786492E-05
3.44119774E-01  9.45330344E-05  8.38071299E-05
3.45448095E-01  -3.44622081E-05  5.76429986E-05
3.46776353E-01  1.44233927E-05  2.84786253E-05
3.48104548E-01  -1.54887228E-04  7.92643753E-05
3.49432679E-01  -8.32228378E-05  6.51479995E-05
3.50760746E-01  1.26810693E-04  9.95254868E-05
3.52088749E-01  1.60265353E-04  7.12975658E-05
3.53416687E-01  -5.84820385E-05  4.71284313E-05
3.54744560E-01  2.37462776E-05  5.96811386E-04
3.56072369E-01  7.42714716E-05  1.98137127E-04
3.57400112E-01  -2.71757789E-05  2.15357796E-04
3.58727791E-01  -6.79080468E-05  6.87105117E-05
3.60055403E-01  7.07047036E-05  1.11006543E-04
3.61382950E-01  1.18895871E-04  1.39372768E-04
3.62710430E-01  1.10828540E-04  9.04555490E-05
3.64037844E-01  -1.16505689E-04  6.42108503E-05
3.65365192E-01  -1.34912248E-05  -1.49463616E-04
3.66692473E-01  -4.86350815E-05  4.36972085E-05
3.68019686E-01  -9.11728180E-05  6.91300016E-05
3.69346833E-01  3.54787196E-05  7.57937827E-05
3.70673911E-01  -1.53238505E-05  8.98784088E-05
3.72000922E-01  -4.72382173E-05  6.26538788E-05
3.73327866E-01  -5.54852875E-05  1.02325270E-04
3.74654740E-01  1.51414581E-04  1.86108652E-04
3.75981547E-01  -9.95118864E-05  1.22923761E-04
3.77308284E-01  6.05658902E-05  1.70141990E-04
3.78634953E-01  1.32068590E-05  -5.52107867E-04
3.79961552E-01  1.03595972E-04  7.95403079E-05
3.81288082E-01  2.41321638E-05  1.37760643E-04
3.82614543E-01  2.55205254E-04  9.01853158E-05
3.83940933E-01  -5.20745610E-05  1.04554344E-04
3.85267254E-01  1.88397419E-04  1.14913990E-04
3.86593504E-01  -1.03601555E-05  3.26907654E-05
3.87919683E-01  1.12126208E-04  1.34037467E-04
3.89245791E-01  5.32641381E-05  -1.29434953E-04
3.90571829E-01  1.00352811E-05  -1.55625708E-04
3.91897795E-01  -2.52849531E-04  8.38364038E-05
3.93223690E-01  -9.36433133E-05  8.05924500E-05
3.94549512E-01  4.93436825E-05  1.06797633E-04
3.95875263E-01  1.48014364E-05  1.62086246E-05
3.97200941E-01  -3.20754538E-05  1.19573274E-04
3.98526547E-01  1.08003425E-04  1.52819991E-04
3.99852081E-01  7.11558647E-06  -3.88099368E-05
4.01177541E-01  -4.97117718E-05  8.14720502E-05
4.02502928E-01  5.25351706E-05  6.58576207E-05
4.03828242E-01  -1.49272142E-04  1.26659715E-04
4.05153481E-01  1.37150896E-05  1.85573121E-04
4.06478647E-01  1.07357099E-04  8.33306032E-05
4.07803739E-01  1.53717826E-05  -1.29386278E-04
4.09128757E-01  -1.33326700E-04  8.51896934E-05
4.10453700E-01  4.15714134E-05  1.70025810E-04
4.11778568E-01  -3.07818966E-05  2.17848535E-04
4.13103361E-01  2.38656342E-04  9.43394503E-05
4.14428078E-01  -8.17740408E-05  5.92591807E-05
4.15752720E-01  1.77254220E-05  3.26287456E-05
4.17077287E-01  2.17130892E-05  2.56696439E-05
4.18401777E-01  7.10254507E-05  1.70487233E-04
4.19726191E-01  1.10051782E-05  3.69202197E-04
4.21050528E-01  -4.38842862E-06  -2.99953681E-05
4.22374789E-01  -1.02434655E-04  7.64650269E-05
4.23698973E-01  1.66033941E-06  1.20538651E-05
4.25023079E-01  2.73292332E-05  -1.13843824E-03
4.26347108E-01  9.37753686E-05  1.47955362E-04
4.27671060E-01  4.36838169E-05  -4.27253306E-04
4.28994934E-01  -2.68067776E-05  9.43790701E-05
4.30318729E-01  6.03434721E-05  7.27872781E-05
4.31642446E-01  -2.23405926E-04  1.16110005E-04
4.32966085E-01  -8.70453912E-05  6.84205261E-05
4.34289644E-01  5.08874130E-05  3.05410928E-04
4.35613125E-01  8.36454173E-05  1.19886149E-04
4.36936526E-01  1.24411710E-04  1.25628323E-04
4.38259848E-01  5.72040049E-05  1.01494105E-04
4.39583090E-01  8.25942655E-05  1.23101851E-04
4.40906252E-01  -1.18603944E-04  7.16770660E-05
4.42229334E-01  -2.02735846E-05  1.20318237E-04
4.43552335E-01  1.39651760E-04  1.03556218E-04
4.44875255E-01  -7.54686442E-05  1.00080197E-04
4.46198095E-01  1.88078916E-06  -1.59419209E-05
4.47520853E-01  1.53356012E-04  1.42028746E-04
4.48843531E-01  -2.33606703E-07  -1.06457956E-06
4.50166126E-01  5.84252361E-05  6.52969968E-05
4.51488640E-01  1.40604069E-04  1.70195415E-04
4.52811071E-01  -1.27630904E-04  9.87441562E-05
4.54133420E-01  -4.72140029E-05  5.08960109E-05
4.55455687E-01  -1.41135553E-04  1.18458381E-04
4.56777871E-01  -6.84206236E-05  1.08944776E-04
4.58099971E-01  -1.42136723E-04  1.26381009E-04
4.59421989E-01  1.27616174E-05  -6.81048023E-05
4.60743923E-01  -1.35491813E-05  -1.27402178E-04
4.62065773E-01  -1.35210886E-04  1.07944475E-04
4.63387539E-01  9.19386346E-05  1.65559438E-04
4.64709222E-01  1.11511344E-04  9.69420795E-05
4.66030819E-01  7.25631606E-05  8.73716159E-05
4.67352332E-01  -2.65406619E-04  1.41009136E-04
4.68673761E-01  4.15787171E-06  -4.66848284E-05
4.69995104E-01  -1.80743613E-04  1.31336383E-04
4.71316361E-01  -1.29796664E-04  1.28614903E-04
4.72637534E-01  1.04751763E-04  1.17200831E-04
4.73958620E-01  -7.80658157E-05  1.49522376E-04
4.75279620E-01  1.03789119E-04  1.87348167E-04
4.76600534E-01  -2.12004259E-04  1.15211699E-04
4.77921362E-01  6.37302038E-05  1.41840234E-04
4.79242103E-01  6.06533700E-05  2.31322458E-04
4.80562757E-01  -1.24524314E-04  2.72632277E-04
4.81883323E-01  2.11496515E-06  -2.24211910E-05
4.83203803E-01  4.96596378E-05  1.74365253E-04
4.84524194E-01  -7.25697377E-05  1.94011122E-04
4.85844498E-01  -6.26652343E-05  4.85947292E-05
4.87164714E-01  -2.53197242E-04  1.44009263E-04
4.88484841E-01  1.04708614E-04  1.21835701E-04
4.89804880E-01  4.36417236E-05  -1.13520067E-03
4.91124830E-01  -3.10743573E-04  1.40564091E-04
4.92444691E-01  -1.18888858E-04  1.18382170E-04
4.93764462E-01  2.53956535E-06  -1.65013651E-05
4.95084144E-01  1.41822285E-04  3.54218284E-04
4.96403737E-01  3.83675613E-05  -5.56295012E-04
4.97723239E-01  -1.15579114E-04  2.86770667E-04
4.99042652E-01  1.01800243E-04  2.86050851E-04
5.00361973E-01  -6.91386546E-05  8.23458221E-05
5.01681205E-01  2.94826424E-04  2.39972727E-04
5.03000345E-01  1.21115926E-04  1.85439207E-04
5.04319394E-01  1.35513177E-04  2.62164404E-04
5.05638352E-01  3.06994404E-04  2.17171030E-04
5.06957219E-01  -3.71178233E-04  2.01070724E-04
5.08275993E-01  7.54158876E-05  -8.57795961E-04
5.09594676E-01  2.02592348E-05  4.46509176E-05
5.10913266E-01  -9.70509070E-05  3.85779326E-04
5.12231764E-01  1.34614801E-04  7.20431198E-04
5.13550170E-01  -3.86739186E-04  1.65391865E-04
5.14868482E-01  -1.09699125E-04  2.47903186E-04
5.16186701E-01  1.73902801E-04  1.91350068E-04
5.17504827E-01  2.15909650E-05  1.01374419E-04
5.18822859E-01  -7.30069767E-05  2.01393024E-04
5.20140797E-01  8.30144034E-05  1.81178228E-04
5.21458641E-01  -2.71262584E-04  1.35066649E-04
5.22776391E-01  -1.64328824E-04  1.58151140E-04
5.24094047E-01  2.87302483E-05  1.72772444E-04
5.25411608E-01  -1.82866674E-04  1.67960604E-04
5.26729073E-01  -1.14991182E-04  2.93844850E-04
5.28046444E-01  2.71401390E-04  3.57926896E-04
5.29363719E-01  -2.91357401E-04  4.15770802E-04
5.30680898E-01  -3.31731152E-04  2.92628974E-04
5.31997982E-01  -2.98171103E-04  2.49759103E-04
5.33314969E-01  -1.92106294E-04  2.81446284E-04
5.34631861E-01  4.40037612E-04  2.69594626E-04
5.35948655E-01  1.79414605E-04  3.22064600E-04
5.37265353E-01  -7.23956737E-05  1.39836238E-04
5.38581954E-01  -4.56867388E-04  2.86717080E-04
5.39898457E-01  -7.47903494E-05  2.30044928E-04
5.41214863E-01  -3.60181111E-04  4.43973710E-04
5.42531172E-01  4.69772161E-04  4.15347578E-04
5.43847382E-01  4.41045664E-04  3.29796898E-04
5.45163494E-01  -4.09041715E-04  3.33383146E-04
5.46479508E-01  5.21447697E-04  4.77642249E-04
5.47795424E-01  6.16796962E-04  4.94763207E-04
5.49111240E-01  -1.25188057E-04  -4.55471704E-04
5.50426957E-01  -1.81989141E-05  -2.74236984E-04
5.51742576E-01  -5.58568699E-04  3.76845195E-04
5.53058094E-01  1.85162533E-04  3.62195834E-04
5.54373513E-01  -4.91859970E-04  3.90828183E-04
5.55688832E-01  3.21398802E-04  3.90552144E-04
5.57004051E-01  2.13884500E-04  3.63979341E-04
5.58319169E-01  1.28834995E-04  -5.86722322E-04
5.59634187E-01  -2.42946803E-05  6.25324554E-05
5.60949104E-01  7.72626156E-05  -1.03032314E-03
5.62263920E-01  8.80412343E-05  2.11343708E-04
5.63578635E-01  -4.84267736E-04  2.90313858E-04
5.64893248E-01  2.12994419E-04  2.16729576E-04
5.66207759E-01  -3.05572280E-04  4.58652930E-04
5.67522168E-01  -2.46390359E-05  1.10875625E-04
5.68836475E-01  1.33180278E-04  3.87761130E-04
5.70150680E-01  1.21428922E-03  6.10635825E-04
5.71464782E-01  -4.52895643E-04  3.87436062E-04
5.72778781E-01  -4.58363913E-04  6.32367164E-04
5.74092677E-01  9.21654268E-04  5.80156833E-04
5.75406470E-01  1.14189009E-03  6.13262109E-04
5.76720159E-01  -2.20107769E-04  5.48105234E-04
5.78033745E-01  -1.00667499E-04  3.45716751E-04
5.79347226E-01  3.06701126E-04  -3.75964509E-03
5.80660603E-01  1.37077273E-03  4.25757608E-03


### HEADER:
#
#{
#    "analysis": {},
#    "filename": "S_02489_A1_BSA_10_190_c.dat",
#    "history": {
#        "baseline_correction": {
#            "initial_file": [
#                "S_02489_A1_BSA_10_190_c.dat",
#                {
#                    "subtraction": {
#                        "initial_file": [
#                            "02489_A1_BSA_10_190_c.dat"
#                        ],
#                        "subtracted_file": [
#                            "A_02489_A1_BSA_10_225_c.dat",
#                            {
#                                "averaged_files": [
#                                    [
#                                        "02489_A1_BSA_10_225_c.dat"
#                                    ],
#                                    [
#                                        "02489_A1_BSA_10_226_c.dat"
#                                    ],
#                                    [
#                                        "02489_A1_BSA_10_227_c.dat"
#                                    ],
#                                    [
#                                        "02489_A1_BSA_10_228_c.dat"
#                                    ],
#                                    [
#                                        "02489_A1_BSA_10_229_c.dat"
#                                    ],
#                                    [
#                                        "02489_A1_BSA_10_230_c.dat"
#                                    ],
#                                    [
#                                        "02489_A1_BSA_10_231_c.dat"
#                                    ],
#                                    [
#                                        "02489_A1_BSA_10_232_c.dat"
#                                    ],
#                                    [
#                                        "02489_A1_BSA_10_233_c.dat"
#                                    ],
#                                    [
#                                        "02489_A1_BSA_10_234_c.dat"
#                                    ],
#                                    [
#                                        "02489_A1_BSA_10_235_c.dat"
#                                    ],
#                                    [
#                                        "02489_A1_BSA_10_236_c.dat"
#                                    ],
#                                    [
#                                        "02489_A1_BSA_10_237_c.dat"
#                                    ],
#                                    [
#                                        "02489_A1_BSA_10_238_c.dat"
#                                    ],
#                                    [
#                                        "02489_A1_BSA_10_239_c.dat"
#                                    ],
#                                    [
#                                        "02489_A1_BSA_10_240_c.dat"
#                                    ],
#                                    [
#                                        "02489_A1_BSA_10_241_c.dat"
#                                    ],
#                                    [
#                                        "02489_A1_BSA_10_242_c.dat"
#                                    ],
#                                    [
#                                        "02489_A1_BSA_10_243_c.dat"
#                                    ]
#                                ]
#                            }
#                        ]
#                    }
#                }
#            ],
#            "type": "Linear"
#        }
#    }
#}

