### DATA:

         Q               I              Error
430
1.06922151E-02 2.80982222E-02 2.64231241E-03
1.20287357E-02 2.60612607E-02 3.99471947E-03
1.33652541E-02 2.22845909E-02 1.76011279E-03
1.47017700E-02 1.77094757E-02 1.20825429E-03
1.60382831E-02 1.41942281E-02 8.40008189E-04
1.73747933E-02 1.17047440E-02 5.91971023E-04
1.87113003E-02 1.00914440E-02 4.81036002E-04
2.00478039E-02 9.19958162E-03 5.87870519E-04
2.13843037E-02 7.92765217E-03 4.00601576E-04
2.27207996E-02 6.94727463E-03 4.41089817E-04
2.40572913E-02 7.21544618E-03 3.96169197E-04
2.53937785E-02 6.55124163E-03 3.91332278E-04
2.67302610E-02 5.95404170E-03 2.85160008E-04
2.80667386E-02 6.39596480E-03 3.11339302E-04
2.94032110E-02 6.20168477E-03 3.12584048E-04
3.07396780E-02 6.16231973E-03 3.03462892E-04
3.20761393E-02 5.65133554E-03 2.99324662E-04
3.34125946E-02 5.46119858E-03 2.66475357E-04
3.47490438E-02 5.23930411E-03 2.62892337E-04
3.60854865E-02 4.91957004E-03 2.65922035E-04
3.74219226E-02 5.27127352E-03 2.57620666E-04
3.87583518E-02 4.98348509E-03 2.29345152E-04
4.00947738E-02 4.54379886E-03 2.24429500E-04
4.14311883E-02 4.53589449E-03 2.12585482E-04
4.27675953E-02 4.08403276E-03 2.34843246E-04
4.41039943E-02 4.54981076E-03 2.06758620E-04
4.54403851E-02 4.01440988E-03 1.87237436E-04
4.67767676E-02 4.23639645E-03 1.98915669E-04
4.81131414E-02 4.31287319E-03 2.07348493E-04
4.94495063E-02 4.23874960E-03 1.85926596E-04
5.07858621E-02 4.44088759E-03 1.86973763E-04
5.21222085E-02 3.95058864E-03 1.86360080E-04
5.34585452E-02 3.98846246E-03 1.84004450E-04
5.47948721E-02 3.99536835E-03 1.90483926E-04
5.61311889E-02 4.05135453E-03 1.90914077E-04
5.74674952E-02 4.25369932E-03 1.90563518E-04
5.88037910E-02 4.04610934E-03 1.73626017E-04
6.01400758E-02 4.20989281E-03 1.73989568E-04
6.14763496E-02 3.89292033E-03 1.72502204E-04
6.28126120E-02 3.72246799E-03 1.73065161E-04
6.41488628E-02 4.25702460E-03 1.85130171E-04
6.54851017E-02 3.77578178E-03 1.68609785E-04
6.68213285E-02 3.80530880E-03 1.64851833E-04
6.81575430E-02 3.92006313E-03 1.60065884E-04
6.94937449E-02 3.96905418E-03 1.67320258E-04
7.08299339E-02 3.68239395E-03 1.62582591E-04
7.21661098E-02 3.78824187E-03 1.59926744E-04
7.35022724E-02 3.57133133E-03 1.63319533E-04
7.48384215E-02 3.55709466E-03 1.46612878E-04
7.61745566E-02 3.61826834E-03 1.47943608E-04
7.75106778E-02 3.76243098E-03 1.64332927E-04
7.88467845E-02 3.87966420E-03 1.69381015E-04
8.01828767E-02 3.80110261E-03 1.63178839E-04
8.15189541E-02 3.78984060E-03 1.55510025E-04
8.28550165E-02 3.90625533E-03 1.59055786E-04
8.41910635E-02 3.44104566E-03 1.48991358E-04
8.55270949E-02 3.74028397E-03 1.56369188E-04
8.68631106E-02 3.26825143E-03 1.50322752E-04
8.81991102E-02 3.78399972E-03 1.58122857E-04
8.95350935E-02 3.58508385E-03 1.49166652E-04
9.08710603E-02 3.78525812E-03 1.53841649E-04
9.22070102E-02 3.67415527E-03 1.51563446E-04
9.35429432E-02 3.38924495E-03 1.41849948E-04
9.48788588E-02 3.82462691E-03 1.59589866E-04
9.62147569E-02 3.51587714E-03 1.41082565E-04
9.75506373E-02 3.12177932E-03 1.37843503E-04
9.88864996E-02 3.61097590E-03 1.44099611E-04
1.00222344E-01 3.49262036E-03 1.55106166E-04
1.01558169E-01 3.64220176E-03 1.52637133E-04
1.02893976E-01 3.33184669E-03 1.42074366E-04
1.04229764E-01 3.41028329E-03 1.47959872E-04
1.05565532E-01 3.59220239E-03 1.40035980E-04
1.06901281E-01 3.83635629E-03 1.46772393E-04
1.08237011E-01 3.56606595E-03 1.35127790E-04
1.09572720E-01 3.38385199E-03 1.19455567E-04
1.10908409E-01 3.68796877E-03 1.42437651E-04
1.12244077E-01 3.54286550E-03 1.25767309E-04
1.13579725E-01 3.57317998E-03 1.25095864E-04
1.14915352E-01 3.79386493E-03 1.26921350E-04
1.16250958E-01 3.76921424E-03 1.30311536E-04
1.17586542E-01 3.53378856E-03 1.36301291E-04
1.18922104E-01 3.56769934E-03 1.17445617E-04
1.20257645E-01 3.41011727E-03 1.23559977E-04
1.21593163E-01 3.52043564E-03 1.31301668E-04
1.22928659E-01 3.46146921E-03 1.24807212E-04
1.24264132E-01 3.54615649E-03 1.22407246E-04
1.25599582E-01 3.59575616E-03 1.21239251E-04
1.26935009E-01 3.54091828E-03 1.19740990E-04
1.28270412E-01 3.65198699E-03 1.15924043E-04
1.29605792E-01 3.46691716E-03 1.25686091E-04
1.30941148E-01 3.58454993E-03 1.20325943E-04
1.32276480E-01 3.46102971E-03 1.17459513E-04
1.33611787E-01 3.46262030E-03 1.12628621E-04
1.34947070E-01 3.61661578E-03 1.15897006E-04
1.36282327E-01 3.41819159E-03 1.12011603E-04
1.37617560E-01 3.64142923E-03 1.14006812E-04
1.38952767E-01 3.61944534E-03 1.16198225E-04
1.40287948E-01 3.57005438E-03 1.14423237E-04
1.41623104E-01 3.38436088E-03 1.06617561E-04
1.42958234E-01 3.58215402E-03 1.11321380E-04
1.44293337E-01 3.62852904E-03 1.14195006E-04
1.45628413E-01 3.58797770E-03 1.11465000E-04
1.46963463E-01 3.49139829E-03 1.04629729E-04
1.48298485E-01 3.60700446E-03 1.08891496E-04
1.49633480E-01 3.48528764E-03 1.03891030E-04
1.50968447E-01 3.43987953E-03 1.07743366E-04
1.52303387E-01 3.41887154E-03 1.09496062E-04
1.53638298E-01 3.42180265E-03 1.10901088E-04
1.54973182E-01 3.42128866E-03 1.02814498E-04
1.56308036E-01 3.41947411E-03 1.04677227E-04
1.57642862E-01 3.52436252E-03 1.04421437E-04
1.58977658E-01 3.49848938E-03 1.07849388E-04
1.60312426E-01 3.55994301E-03 1.01162199E-04
1.61647163E-01 3.38740429E-03 1.05601796E-04
1.62981871E-01 3.34351882E-03 1.04594478E-04
1.64316549E-01 3.36166393E-03 1.00237656E-04
1.65651196E-01 3.66467223E-03 1.03258888E-04
1.66985813E-01 3.44627024E-03 1.03282661E-04
1.68320399E-01 3.40178931E-03 9.43674617E-05
1.69654954E-01 3.61839287E-03 1.01385171E-04
1.70989478E-01 3.48092141E-03 1.03541049E-04
1.72323970E-01 3.54371318E-03 9.82634879E-05
1.73658431E-01 3.62963046E-03 9.93925521E-05
1.74992859E-01 3.64378836E-03 9.99626508E-05
1.76327255E-01 3.56747501E-03 9.35843666E-05
1.77661619E-01 3.61544806E-03 1.00054821E-04
1.78995950E-01 3.49839574E-03 9.25129304E-05
1.80330247E-01 3.47848420E-03 9.81091135E-05
1.81664512E-01 3.44475083E-03 9.71076754E-05
1.82998743E-01 3.55127457E-03 1.00894385E-04
1.84332940E-01 3.40650875E-03 9.69845824E-05
1.85667104E-01 3.45281261E-03 1.01921818E-04
1.87001233E-01 3.51991687E-03 9.44424168E-05
1.88335327E-01 3.49397990E-03 1.04668612E-04
1.89669387E-01 3.67013138E-03 1.02474965E-04
1.91003412E-01 3.42719531E-03 9.53112434E-05
1.92337402E-01 3.60439351E-03 1.01869132E-04
1.93671356E-01 3.39251255E-03 9.87039741E-05
1.95005275E-01 3.51299272E-03 9.91701220E-05
1.96339157E-01 3.67401274E-03 1.03018960E-04
1.97673004E-01 3.52971691E-03 1.01358436E-04
1.99006814E-01 3.71306380E-03 1.06512229E-04
2.00340587E-01 3.51507309E-03 1.00703664E-04
2.01674324E-01 3.39011614E-03 9.32698687E-05
2.03008023E-01 3.46849699E-03 9.82837680E-05
2.04341685E-01 3.51134538E-03 1.02878063E-04
2.05675309E-01 3.46875815E-03 9.89342761E-05
2.07008895E-01 3.36668536E-03 9.91619999E-05
2.08342443E-01 3.48271625E-03 1.00855188E-04
2.09675953E-01 3.39326217E-03 9.66275223E-05
2.11009424E-01 3.42049619E-03 9.59469951E-05
2.12342856E-01 3.43394843E-03 9.92599223E-05
2.13676249E-01 3.54964476E-03 1.00953527E-04
2.15009603E-01 3.41937476E-03 9.37467397E-05
2.16342917E-01 3.51089574E-03 9.64966371E-05
2.17676192E-01 3.53388451E-03 9.60667872E-05
2.19009426E-01 3.50158191E-03 9.40362723E-05
2.20342620E-01 3.46926756E-03 9.09141419E-05
2.21675773E-01 3.26730218E-03 8.89812918E-05
2.23008885E-01 3.53162973E-03 9.34945013E-05
2.24341957E-01 3.50624020E-03 9.44159018E-05
2.25674987E-01 3.33433455E-03 8.71773032E-05
2.27007976E-01 3.44414086E-03 9.63605940E-05
2.28340922E-01 3.57265009E-03 9.08383858E-05
2.29673827E-01 3.60887155E-03 9.08611891E-05
2.31006689E-01 3.47046667E-03 8.98028281E-05
2.32339509E-01 3.51419986E-03 8.79411787E-05
2.33672286E-01 3.54651895E-03 8.97423643E-05
2.35005021E-01 3.63237160E-03 8.54300091E-05
2.36337711E-01 3.43459577E-03 8.78056315E-05
2.37670359E-01 3.40788535E-03 8.41052492E-05
2.39002962E-01 3.47960351E-03 8.96819927E-05
2.40335522E-01 3.50686763E-03 8.46287620E-05
2.41668037E-01 3.57212890E-03 8.82089512E-05
2.43000508E-01 3.50889612E-03 8.16743817E-05
2.44332934E-01 3.57979319E-03 8.80029485E-05
2.45665316E-01 3.59060514E-03 8.87628513E-05
2.46997652E-01 3.57807651E-03 8.22171043E-05
2.48329942E-01 3.46803898E-03 8.34107512E-05
2.49662187E-01 3.43487557E-03 8.75971124E-05
2.50994386E-01 3.46398540E-03 8.57677369E-05
2.52326539E-01 3.54791413E-03 8.90943239E-05
2.53658646E-01 3.45587118E-03 8.41317312E-05
2.54990705E-01 3.42595013E-03 8.36438862E-05
2.56322718E-01 3.46105489E-03 8.54151607E-05
2.57654684E-01 3.52137808E-03 8.40808970E-05
2.58986602E-01 3.41500015E-03 8.49555111E-05
2.60318473E-01 3.29171292E-03 7.87617151E-05
2.61650296E-01 3.48823798E-03 8.04008737E-05
2.62982071E-01 3.32423626E-03 8.32910571E-05
2.64313797E-01 3.41415410E-03 8.12292718E-05
2.65645475E-01 3.64219178E-03 8.32981981E-05
2.66977104E-01 3.54904047E-03 8.31927699E-05
2.68308684E-01 3.38599994E-03 8.07807692E-05
2.69640214E-01 3.43141699E-03 8.13500621E-05
2.70971695E-01 3.55750816E-03 8.04236487E-05
2.72303126E-01 3.41471060E-03 8.40869849E-05
2.73634508E-01 3.49530158E-03 8.05949160E-05
2.74965838E-01 3.37201513E-03 8.07146954E-05
2.76297119E-01 3.49341436E-03 8.16377352E-05
2.77628348E-01 3.47834862E-03 8.00832954E-05
2.78959527E-01 3.60452602E-03 7.96640601E-05
2.80290654E-01 3.49334382E-03 7.75781866E-05
2.81621730E-01 3.59973833E-03 7.82744763E-05
2.82952754E-01 3.59633417E-03 7.98425116E-05
2.84283726E-01 3.46982444E-03 7.68377921E-05
2.85614646E-01 3.44868748E-03 7.86576604E-05
2.86945514E-01 3.61965810E-03 8.12763846E-05
2.88276328E-01 3.39617555E-03 7.81661114E-05
2.89607090E-01 3.56135503E-03 8.00551577E-05
2.90937799E-01 3.47462095E-03 7.83930433E-05
2.92268454E-01 3.35815504E-03 7.78690439E-05
2.93599055E-01 3.57189128E-03 7.79269186E-05
2.94929603E-01 3.50474815E-03 8.08997892E-05
2.96260097E-01 3.59109395E-03 7.98213826E-05
2.97590536E-01 3.44004826E-03 7.99583822E-05
2.98920920E-01 3.54236654E-03 8.04300982E-05
3.00251250E-01 3.43882036E-03 7.78945143E-05
3.01581524E-01 3.50568918E-03 8.03646011E-05
3.02911743E-01 3.49057249E-03 8.13683440E-05
3.04241907E-01 3.36822990E-03 7.80435971E-05
3.05572015E-01 3.39116076E-03 7.79102399E-05
3.06902066E-01 3.42881382E-03 7.80738057E-05
3.08232062E-01 3.41368066E-03 7.85516310E-05
3.09562000E-01 3.51043215E-03 7.88365333E-05
3.10891882E-01 3.49080566E-03 7.71203583E-05
3.12221707E-01 3.43688029E-03 7.79909240E-05
3.13551475E-01 3.49517611E-03 7.95576778E-05
3.14881185E-01 3.37113467E-03 7.94032965E-05
3.16210838E-01 3.45817612E-03 7.88386655E-05
3.17540432E-01 3.49044091E-03 7.92979566E-05
3.18869968E-01 3.31500787E-03 7.80225601E-05
3.20199446E-01 3.44754736E-03 8.20694089E-05
3.21528865E-01 3.40087844E-03 7.71102100E-05
3.22858225E-01 3.61319704E-03 8.31849692E-05
3.24187526E-01 3.46476217E-03 7.90420351E-05
3.25516768E-01 3.47953271E-03 7.82001825E-05
3.26845949E-01 3.53919046E-03 8.06925882E-05
3.28175071E-01 3.56817551E-03 8.24915435E-05
3.29504133E-01 3.44324579E-03 7.94389316E-05
3.30833134E-01 3.37160997E-03 7.68661788E-05
3.32162075E-01 3.25617872E-03 7.86017665E-05
3.33490955E-01 3.41854835E-03 7.75310590E-05
3.34819774E-01 3.48433334E-03 7.84355908E-05
3.36148531E-01 3.57051212E-03 7.87598239E-05
3.37477227E-01 3.46950792E-03 7.87032621E-05
3.38805861E-01 3.53172612E-03 8.02250829E-05
3.40134433E-01 3.41240462E-03 7.82392413E-05
3.41462943E-01 3.49488519E-03 7.90601699E-05
3.42791390E-01 3.50230767E-03 8.19566883E-05
3.44119774E-01 3.39959396E-03 7.64540065E-05
3.45448095E-01 3.52111972E-03 7.99315015E-05
3.46776353E-01 3.40876844E-03 7.79051935E-05
3.48104548E-01 3.35656489E-03 7.28691835E-05
3.49432679E-01 3.51934574E-03 7.54234511E-05
3.50760746E-01 3.53161863E-03 7.91913395E-05
3.52088749E-01 3.45194973E-03 7.92589391E-05
3.53416687E-01 3.59730143E-03 8.01821322E-05
3.54744560E-01 3.43214722E-03 7.90440349E-05
3.56072369E-01 3.39803601E-03 7.97316305E-05
3.57400112E-01 3.44864012E-03 8.11253287E-05
3.58727791E-01 3.55560940E-03 8.48445457E-05
3.60055403E-01 3.38932174E-03 8.46354050E-05
3.61382950E-01 3.55119738E-03 8.46496584E-05
3.62710430E-01 3.54877499E-03 8.72060867E-05
3.64037844E-01 3.35212313E-03 8.36390751E-05
3.65365192E-01 3.37189381E-03 8.39559181E-05
3.66692473E-01 3.51879577E-03 8.62901041E-05
3.68019686E-01 3.41162543E-03 8.51285737E-05
3.69346833E-01 3.41356639E-03 8.35958592E-05
3.70673911E-01 3.42330949E-03 8.79100833E-05
3.72000922E-01 3.49118978E-03 8.99604346E-05
3.73327866E-01 3.48991611E-03 8.71474695E-05
3.74654740E-01 3.49104909E-03 8.88362223E-05
3.75981547E-01 3.45033265E-03 8.93767465E-05
3.77308284E-01 3.32527865E-03 8.66385573E-05
3.78634953E-01 3.32234150E-03 9.11619946E-05
3.79961552E-01 3.48666224E-03 8.75845342E-05
3.81288082E-01 3.61165899E-03 9.12974601E-05
3.82614543E-01 3.51584820E-03 9.48193186E-05
3.83940933E-01 3.55194214E-03 8.88840619E-05
3.85267254E-01 3.60106629E-03 9.41113903E-05
3.86593504E-01 3.70943050E-03 9.68999788E-05
3.87919683E-01 3.51494175E-03 9.69188291E-05
3.89245791E-01 3.44495680E-03 9.39536825E-05
3.90571829E-01 3.62063928E-03 9.69732544E-05
3.91897795E-01 3.49489234E-03 9.12166211E-05
3.93223690E-01 3.48060456E-03 9.43499694E-05
3.94549512E-01 3.44220864E-03 9.20557417E-05
3.95875263E-01 3.40526503E-03 9.77422212E-05
3.97200941E-01 3.56904887E-03 9.99854869E-05
3.98526547E-01 3.51850378E-03 9.75118943E-05
3.99852081E-01 3.48576444E-03 9.96108141E-05
4.01177541E-01 3.54826680E-03 9.76478571E-05
4.02502928E-01 3.47606560E-03 9.84887391E-05
4.03828242E-01 3.64242895E-03 1.04920556E-04
4.05153481E-01 3.53927360E-03 1.00963644E-04
4.06478647E-01 3.52792967E-03 1.00816063E-04
4.07803739E-01 3.53186464E-03 9.97428709E-05
4.09128757E-01 3.42865684E-03 9.58888789E-05
4.10453700E-01 3.45716948E-03 9.86763804E-05
4.11778568E-01 3.37286923E-03 9.58872643E-05
4.13103361E-01 3.58610160E-03 9.88848906E-05
4.14428078E-01 3.53810106E-03 9.98903923E-05
4.15752720E-01 3.44698903E-03 9.65624508E-05
4.17077287E-01 3.48877110E-03 1.01752530E-04
4.18401777E-01 3.35760301E-03 9.98406358E-05
4.19726191E-01 3.53905369E-03 1.01623894E-04
4.21050528E-01 3.36223554E-03 9.96296241E-05
4.22374789E-01 3.54941474E-03 1.01019911E-04
4.23698973E-01 3.62849550E-03 1.04657587E-04
4.25023079E-01 3.57488034E-03 1.07490622E-04
4.26347108E-01 3.70884566E-03 1.11759800E-04
4.27671060E-01 3.46407255E-03 1.02780651E-04
4.28994934E-01 3.58388148E-03 1.04125477E-04
4.30318729E-01 3.55790438E-03 1.05127626E-04
4.31642446E-01 3.57035733E-03 1.07590220E-04
4.32966085E-01 3.46620028E-03 1.09426281E-04
4.34289644E-01 3.55024350E-03 1.08167676E-04
4.35613125E-01 3.68105459E-03 1.17471258E-04
4.36936526E-01 3.53106136E-03 1.06496330E-04
4.38259848E-01 3.60994653E-03 1.07756888E-04
4.39583090E-01 3.40246462E-03 1.06696453E-04
4.40906252E-01 3.49275471E-03 1.09018723E-04
4.42229334E-01 3.62311730E-03 1.11808659E-04
4.43552335E-01 3.55249677E-03 1.08736271E-04
4.44875255E-01 3.49092837E-03 1.07819067E-04
4.46198095E-01 3.52222566E-03 1.08505101E-04
4.47520853E-01 3.54763321E-03 1.09667240E-04
4.48843531E-01 3.51683027E-03 1.08817809E-04
4.50166126E-01 3.68685363E-03 1.10454001E-04
4.51488640E-01 3.50196117E-03 1.13745794E-04
4.52811071E-01 3.58337116E-03 1.08378671E-04
4.54133420E-01 3.47355862E-03 1.09937081E-04
4.55455687E-01 3.74170816E-03 1.16805209E-04
4.56777871E-01 3.69363024E-03 1.20227859E-04
4.58099971E-01 3.47586227E-03 1.06885013E-04
4.59421989E-01 3.52509438E-03 1.13765476E-04
4.60743923E-01 3.58493426E-03 1.14107365E-04
4.62065773E-01 3.76120009E-03 1.22729478E-04
4.63387539E-01 3.55754524E-03 1.09400775E-04
4.64709222E-01 3.61383980E-03 1.17979561E-04
4.66030819E-01 3.61723099E-03 1.19217417E-04
4.67352332E-01 3.62577167E-03 1.24758374E-04
4.68673761E-01 3.68312639E-03 1.25513501E-04
4.69995104E-01 3.56366552E-03 1.26697349E-04
4.71316361E-01 3.65067356E-03 1.34094226E-04
4.72637534E-01 3.61739950E-03 1.40311532E-04
4.73958620E-01 3.54644458E-03 1.27419247E-04
4.75279620E-01 3.46758447E-03 1.33992101E-04
4.76600534E-01 3.90665522E-03 1.50937862E-04
4.77921362E-01 3.79453979E-03 1.52100500E-04
4.79242103E-01 3.24498427E-03 1.27863112E-04
4.80562757E-01 3.66260752E-03 1.52858507E-04
4.81883323E-01 3.85758462E-03 1.56427248E-04
4.83203803E-01 3.72545792E-03 1.51579715E-04
4.84524194E-01 3.64097689E-03 1.53832757E-04
4.85844498E-01 3.47437101E-03 1.55939067E-04
4.87164714E-01 3.95661608E-03 1.63291693E-04
4.88484841E-01 3.91276539E-03 1.77462222E-04
4.89804880E-01 3.74995126E-03 1.65177628E-04
4.91124830E-01 3.45459239E-03 1.71469166E-04
4.92444691E-01 3.17561460E-03 1.59531853E-04
4.93764462E-01 3.57172601E-03 1.79413338E-04
4.95084144E-01 3.40464625E-03 1.59496131E-04
4.96403737E-01 3.52152012E-03 1.78713954E-04
4.97723239E-01 3.77409457E-03 1.80119691E-04
4.99042652E-01 3.55942098E-03 1.72220018E-04
5.00361973E-01 3.50139022E-03 1.75540436E-04
5.01681205E-01 3.72587478E-03 1.90948655E-04
5.03000345E-01 3.67377745E-03 1.80251048E-04
5.04319394E-01 3.65330621E-03 2.13496276E-04
5.05638352E-01 3.53636997E-03 2.12546832E-04
5.06957219E-01 3.84783886E-03 2.12929364E-04
5.08275993E-01 3.69854441E-03 2.07594454E-04
5.09594676E-01 3.67127658E-03 2.01197631E-04
5.10913266E-01 3.98128470E-03 2.18723442E-04
5.12231764E-01 3.73767285E-03 1.95207505E-04
5.13550170E-01 3.19554514E-03 1.84953393E-04
5.14868482E-01 3.95658081E-03 2.20782328E-04
5.16186701E-01 3.91953043E-03 2.26700347E-04
5.17504827E-01 3.66231866E-03 2.13263941E-04
5.18822859E-01 3.53449894E-03 2.21783675E-04
5.20140797E-01 3.09997389E-03 1.97698133E-04
5.21458641E-01 4.01616960E-03 2.54611014E-04
5.22776391E-01 3.48958059E-03 2.35215736E-04
5.24094047E-01 3.59397749E-03 2.62157631E-04
5.25411608E-01 3.45158504E-03 2.50312071E-04
5.26729073E-01 4.01161707E-03 2.36719969E-04
5.28046444E-01 3.97814765E-03 2.72382004E-04
5.29363719E-01 3.63381647E-03 2.50669102E-04
5.30680898E-01 3.94261594E-03 2.48693172E-04
5.31997982E-01 4.11522447E-03 2.75469046E-04
5.33314969E-01 3.48695360E-03 2.84190306E-04
5.34631861E-01 3.73938782E-03 2.89073812E-04
5.35948655E-01 3.93759681E-03 2.79909654E-04
5.37265353E-01 3.44058956E-03 2.55697011E-04
5.38581954E-01 3.57619804E-03 3.16448800E-04
5.39898457E-01 3.51839550E-03 2.68552893E-04
5.41214863E-01 3.79071378E-03 2.70280645E-04
5.42531172E-01 3.37024166E-03 3.46019715E-04
5.43847382E-01 4.25117757E-03 3.53830738E-04
5.45163494E-01 3.83485060E-03 3.04728747E-04
5.46479508E-01 3.55811128E-03 3.31085770E-04
5.47795424E-01 3.42155720E-03 2.80514068E-04
5.49111240E-01 3.82758959E-03 3.67426879E-04
5.50426957E-01 3.59360861E-03 4.56958419E-04
5.51742576E-01 3.57976533E-03 3.70416132E-04
5.53058094E-01 3.78316651E-03 3.39501993E-04
5.54373513E-01 3.80725370E-03 3.43521095E-04
5.55688832E-01 4.04359576E-03 4.84986068E-04
5.57004051E-01 3.48173869E-03 3.60861935E-04
5.58319169E-01 3.59579468E-03 4.15738868E-04
5.59634187E-01 3.74428780E-03 4.45516492E-04
5.60949104E-01 3.31185525E-03 4.11512158E-04
5.62263920E-01 3.60609891E-03 5.75115393E-04
5.63578635E-01 3.91481534E-03 5.11885752E-04
5.64893248E-01 3.67332747E-03 4.72683224E-04
5.66207759E-01 3.70050477E-03 5.76171948E-04
5.67522168E-01 3.87518430E-03 5.49943073E-04
5.68836475E-01 3.83346075E-03 5.80857020E-04
5.70150680E-01 4.38155396E-03 5.04021832E-04
5.71464782E-01 3.28650825E-03 4.24286391E-04
5.72778781E-01 3.60909222E-03 6.02957855E-04
5.74092677E-01 5.20472739E-03 1.02267309E-03
5.75406470E-01 3.75719024E-03 8.11300695E-04
5.76720159E-01 2.98898862E-03 1.06463682E-03
5.78033745E-01 3.16644785E-03 9.81034231E-04
5.79347226E-01 2.46643646E-03 7.18561219E-04
5.80660603E-01 3.06966838E-03 1.17668351E-03


### HEADER:

{
    "analysis": {
        "uvvis": {
            "UVDarkTransmission": 0.0, 
            "UVPathlength": 1.5, 
            "UVTransmission": 1.0
        }
    }, 
    "calibration_params": {
        "Beam_Center_X": 353.270665166, 
        "Beam_Center_Y": 218.565552071, 
        "Detector_Pixel_Size": 0.172, 
        "Radial_Average_Method": "RAW", 
        "Sample_Detector_Distance": 600.0, 
        "Wavelength": 1.34765431953
    }, 
    "config_file": null, 
    "counters": {}, 
    "filename": "02489_A1_BSA_10_098_c.tiff", 
    "history": {}, 
    "imageHeader": {
        "AFTER": 155617800.0, 
        "BEFORE": 155617800.0, 
        "IC": 155617800.0, 
        "Img.ImgType": "2D", 
        "Img.Site": "TUM", 
        "aquire_timestamp": "Wed Jan 23 13:06:58 2019", 
        "beam_x": 360.21, 
        "beam_y": 207.57, 
        "beamcenter_actual": "360.21    207.57", 
        "beamcenter_nominal": "360.21    207.57", 
        "bstop": 98.0, 
        "calibrationtype": "geom", 
        "configuraton_number": 2.0, 
        "data_added_constant": 0.0, 
        "data_multiplied_constant": 1.0, 
        "datatype": "tiff", 
        "det_count_cutoff": 1147717.0, 
        "det_excluded_pixels": "badpix_mask.tif", 
        "det_exposure_period": 31.0, 
        "det_exposure_time": 30.0, 
        "det_flat_field": "FF_p3-0304_E8048_T4024_vrf_m0p100.tif", 
        "det_n_excluded_pixels": 11.0, 
        "det_pixel_size": "172e-6 172e-6", 
        "det_tau": 0.0, 
        "det_thickness": 0.00032, 
        "det_threshold_setting": 4024.0, 
        "det_trim_directory": "p3-0304_E8048_T4024.bin", 
        "detector_dist": 605.2981, 
        "detector_function": "saxs", 
        "detector_sn": "dec1442", 
        "detectortype": "Pilatus", 
        "detx": 524.998096, 
        "dety": 2.871875, 
        "detz": 0.0, 
        "error_norm_fact": 1.0, 
        "exposure_time": 30.0, 
        "flatfield_applied": 1.0, 
        "hg1": 1.5, 
        "hg2": 0.8, 
        "hp1": 0.0, 
        "hp2": -0.0, 
        "integration_time": 30.0, 
        "livetime": 30.0, 
        "log": "log", 
        "pd": -0.000125, 
        "photons_per_100adu": 100.0, 
        "pixelsize": "0.172 0.172", 
        "pixelsize_x": 172.0, 
        "pixelsize_y": 172.0, 
        "reduction_type": "s", 
        "sample_angle1": 0.0, 
        "sample_bio_cell_temp": 25.0, 
        "sample_bio_code": "None", 
        "sample_bio_run_number": 1.0, 
        "sample_bio_uv_dark": 0.0, 
        "sample_bio_uv_pathlength": 1.5, 
        "sample_bio_uv_trans": 1.0, 
        "sample_temp": 19.94, 
        "sample_transfact": 1.0, 
        "sample_ypos": 1.5, 
        "sample_zpos": 0.0, 
        "saturated_value": 1147717.0, 
        "saxsconf_Ieff": 1.0, 
        "saxsconf_Imon": 155617800.0, 
        "saxsconf_Izero": 155617800.0, 
        "saxsconf_det_offx": 0.0, 
        "saxsconf_det_offy": 0.0, 
        "saxsconf_det_pixsizey": 0.172, 
        "saxsconf_det_pixsizez": 0.172, 
        "saxsconf_det_rotx": 0.0, 
        "saxsconf_det_roty": 0.0, 
        "saxsconf_dwavelength": 0.004, 
        "saxsconf_l1": 725.0, 
        "saxsconf_l2": 400.0, 
        "saxsconf_l3": 200.0, 
        "saxsconf_r1": 0.75, 
        "saxsconf_r2": 0.4, 
        "saxsconf_r3": 0.75, 
        "saxsconf_wavelength": 1.3414, 
        "solz": 0.0, 
        "source_kV": 0.0, 
        "source_ma": 0.0, 
        "source_type": "EXCILLUMMETALJET", 
        "start_timestamp": "Wed Jan 23 13:06:58 2019", 
        "thsam": 0.0, 
        "vg1": 1.5, 
        "vg2": 0.8, 
        "vp1": 0.0, 
        "vp2": 0.0, 
        "wavelength": 1.3414, 
        "xaxisbintype": "lin", 
        "zinger_removal": 0.0, 
        "zsam": 0.0
    }, 
    "load_path": "/home/saxslab/BIODATA/RawCorr/02489_A1_BSA_10_098_c.tiff", 
    "normalizations": {
        "Counter_norms": [
            [
                "/", 
                "exposure_time"
            ], 
            [
                "/", 
                "saxsconf_Izero/1e7"
            ]
        ], 
        "Solid_Angle_Correction": "On"
    }, 
    "raw_version": "1.4.2 (BioXolver version)"
}

