### DATA:

         Q               I              Error
430
1.06922151E-02 2.72312274E-02 3.43303046E-03
1.20287357E-02 2.84331590E-02 4.40262706E-03
1.33652541E-02 2.12816791E-02 1.87161066E-03
1.47017700E-02 1.47911918E-02 8.61394186E-04
1.60382831E-02 1.12841802E-02 6.76400657E-04
1.73747933E-02 9.69554705E-03 6.10728217E-04
1.87113003E-02 7.90614960E-03 5.86846625E-04
2.00478039E-02 7.01629417E-03 5.19813201E-04
2.13843037E-02 7.15084071E-03 4.68850866E-04
2.27207996E-02 5.90844068E-03 3.92128003E-04
2.40572913E-02 5.45217079E-03 3.93593238E-04
2.53937785E-02 5.34033165E-03 3.20493596E-04
2.67302610E-02 4.16844049E-03 2.65024284E-04
2.80667386E-02 4.65141279E-03 3.03220496E-04
2.94032110E-02 4.24165429E-03 2.38371906E-04
3.07396780E-02 4.63896939E-03 2.73878685E-04
3.20761393E-02 4.30076831E-03 2.58085941E-04
3.34125946E-02 4.12792690E-03 2.62988662E-04
3.47490438E-02 4.13177857E-03 2.19551060E-04
3.60854865E-02 4.04998020E-03 2.48886987E-04
3.74219226E-02 4.00982262E-03 2.09960589E-04
3.87583518E-02 4.11759137E-03 2.08567406E-04
4.00947738E-02 3.80174899E-03 2.02831396E-04
4.14311883E-02 3.51042231E-03 1.81443806E-04
4.27675953E-02 3.85399018E-03 2.11367311E-04
4.41039943E-02 3.97052160E-03 2.07787927E-04
4.54403851E-02 4.01662419E-03 1.97514616E-04
4.67767676E-02 3.51457605E-03 1.89495303E-04
4.81131414E-02 3.68535694E-03 1.72339887E-04
4.94495063E-02 3.47750789E-03 1.87359977E-04
5.07858621E-02 3.59285464E-03 1.67852114E-04
5.21222085E-02 3.58407141E-03 1.78029265E-04
5.34585452E-02 3.71106190E-03 1.88644333E-04
5.47948721E-02 3.45132006E-03 1.59549393E-04
5.61311889E-02 3.52170674E-03 1.64579967E-04
5.74674952E-02 3.70839269E-03 1.72477335E-04
5.88037910E-02 3.33891755E-03 1.53561636E-04
6.01400758E-02 3.42242465E-03 1.59312713E-04
6.14763496E-02 3.42998493E-03 1.58011591E-04
6.28126120E-02 3.75339353E-03 1.66103691E-04
6.41488628E-02 3.28620479E-03 1.53802031E-04
6.54851017E-02 3.18429981E-03 1.42202676E-04
6.68213285E-02 3.42457884E-03 1.50269669E-04
6.81575430E-02 3.57077151E-03 1.62109572E-04
6.94937449E-02 3.64750080E-03 1.65377659E-04
7.08299339E-02 3.67732604E-03 1.51845750E-04
7.21661098E-02 3.56349692E-03 1.70281121E-04
7.35022724E-02 3.53084618E-03 1.56504894E-04
7.48384215E-02 3.57335012E-03 1.55704059E-04
7.61745566E-02 3.54996776E-03 1.63180389E-04
7.75106778E-02 3.47438457E-03 1.51659541E-04
7.88467845E-02 3.39833038E-03 1.53878651E-04
8.01828767E-02 3.52903148E-03 1.54619981E-04
8.15189541E-02 3.35068816E-03 1.50185622E-04
8.28550165E-02 3.48771307E-03 1.49885416E-04
8.41910635E-02 3.55793397E-03 1.67226695E-04
8.55270949E-02 3.36474088E-03 1.58707457E-04
8.68631106E-02 3.41077371E-03 1.46100555E-04
8.81991102E-02 3.37732357E-03 1.50467795E-04
8.95350935E-02 3.44934967E-03 1.51523440E-04
9.08710603E-02 3.41784886E-03 1.56473572E-04
9.22070102E-02 3.29962855E-03 1.40916060E-04
9.35429432E-02 3.46862561E-03 1.46501309E-04
9.48788588E-02 3.53138439E-03 1.48970091E-04
9.62147569E-02 3.58679326E-03 1.55040514E-04
9.75506373E-02 3.57431588E-03 1.64698188E-04
9.88864996E-02 3.63124577E-03 1.51812487E-04
1.00222344E-01 3.42516054E-03 1.58551335E-04
1.01558169E-01 3.48290963E-03 1.45139545E-04
1.02893976E-01 3.63091862E-03 1.42318536E-04
1.04229764E-01 3.57273681E-03 1.45443192E-04
1.05565532E-01 3.45084118E-03 1.39880249E-04
1.06901281E-01 3.42436333E-03 1.36107016E-04
1.08237011E-01 3.44517387E-03 1.32309817E-04
1.09572720E-01 3.43595170E-03 1.37598524E-04
1.10908409E-01 3.46500284E-03 1.39958900E-04
1.12244077E-01 3.75980204E-03 1.27973209E-04
1.13579725E-01 3.35259185E-03 1.24877028E-04
1.14915352E-01 3.55346398E-03 1.27858031E-04
1.16250958E-01 3.38084272E-03 1.28130138E-04
1.17586542E-01 3.53573777E-03 1.28802330E-04
1.18922104E-01 3.44807274E-03 1.21269438E-04
1.20257645E-01 3.32725582E-03 1.16220548E-04
1.21593163E-01 3.25042921E-03 1.19012238E-04
1.22928659E-01 3.55294866E-03 1.17545913E-04
1.24264132E-01 3.56471187E-03 1.24893203E-04
1.25599582E-01 3.38852094E-03 1.18716581E-04
1.26935009E-01 3.29482908E-03 1.13749235E-04
1.28270412E-01 3.31925292E-03 1.14061230E-04
1.29605792E-01 3.44498873E-03 1.21498423E-04
1.30941148E-01 3.34639249E-03 1.10403791E-04
1.32276480E-01 3.33786650E-03 1.12979268E-04
1.33611787E-01 3.37869729E-03 1.16552553E-04
1.34947070E-01 3.45497360E-03 1.12266602E-04
1.36282327E-01 3.36419343E-03 1.08705037E-04
1.37617560E-01 3.32645872E-03 1.10136280E-04
1.38952767E-01 3.43887940E-03 1.10897426E-04
1.40287948E-01 3.23354555E-03 1.11740275E-04
1.41623104E-01 3.49993101E-03 1.09671520E-04
1.42958234E-01 3.32430718E-03 1.14189637E-04
1.44293337E-01 3.27862687E-03 1.07023813E-04
1.45628413E-01 3.29775101E-03 1.02807181E-04
1.46963463E-01 3.31865791E-03 9.89834247E-05
1.48298485E-01 3.59545186E-03 1.13860473E-04
1.49633480E-01 3.32808497E-03 1.07857233E-04
1.50968447E-01 3.43515176E-03 1.06286013E-04
1.52303387E-01 3.40758793E-03 1.01798060E-04
1.53638298E-01 3.38489473E-03 1.09352123E-04
1.54973182E-01 3.31035928E-03 1.05108359E-04
1.56308036E-01 3.55654101E-03 1.03914971E-04
1.57642862E-01 3.57070247E-03 1.03206528E-04
1.58977658E-01 3.25461191E-03 9.98744883E-05
1.60312426E-01 3.38657963E-03 1.05854405E-04
1.61647163E-01 3.52116300E-03 1.00671964E-04
1.62981871E-01 3.39706414E-03 9.90965800E-05
1.64316549E-01 3.41407506E-03 1.00528093E-04
1.65651196E-01 3.32095080E-03 9.94593989E-05
1.66985813E-01 3.52242119E-03 9.87050998E-05
1.68320399E-01 3.57311859E-03 1.01038194E-04
1.69654954E-01 3.43302786E-03 9.95601504E-05
1.70989478E-01 3.50596406E-03 1.02053102E-04
1.72323970E-01 3.58602505E-03 1.03244617E-04
1.73658431E-01 3.52624397E-03 9.97860539E-05
1.74992859E-01 3.37698363E-03 9.92271411E-05
1.76327255E-01 3.51380067E-03 9.83906044E-05
1.77661619E-01 3.37756618E-03 1.02597816E-04
1.78995950E-01 3.36590853E-03 1.03161525E-04
1.80330247E-01 3.43464354E-03 9.72633536E-05
1.81664512E-01 3.37090035E-03 9.65895608E-05
1.82998743E-01 3.28785828E-03 9.52852695E-05
1.84332940E-01 3.47886723E-03 9.82932860E-05
1.85667104E-01 3.33646278E-03 9.52565513E-05
1.87001233E-01 3.39597786E-03 9.66196450E-05
1.88335327E-01 3.40626851E-03 1.07117829E-04
1.89669387E-01 3.45816070E-03 9.22453684E-05
1.91003412E-01 3.67134240E-03 1.03334189E-04
1.92337402E-01 3.39291982E-03 9.94800510E-05
1.93671356E-01 3.36607370E-03 9.83299070E-05
1.95005275E-01 3.37340901E-03 9.88068220E-05
1.96339157E-01 3.36946392E-03 9.85905316E-05
1.97673004E-01 3.33655994E-03 9.20551927E-05
1.99006814E-01 3.50935185E-03 1.02589950E-04
2.00340587E-01 3.26599828E-03 9.49008002E-05
2.01674324E-01 3.47749835E-03 9.91513965E-05
2.03008023E-01 3.22534063E-03 9.19165802E-05
2.04341685E-01 3.49910431E-03 1.01015365E-04
2.05675309E-01 3.47912280E-03 1.00393906E-04
2.07008895E-01 3.28934912E-03 9.77843678E-05
2.08342443E-01 3.33755844E-03 9.50748972E-05
2.09675953E-01 3.50331214E-03 1.00038452E-04
2.11009424E-01 3.50870827E-03 9.74053564E-05
2.12342856E-01 3.36830758E-03 1.02529889E-04
2.13676249E-01 3.36452930E-03 9.23203952E-05
2.15009603E-01 3.63128979E-03 9.86674227E-05
2.16342917E-01 3.40148216E-03 9.58580743E-05
2.17676192E-01 3.46015910E-03 9.62385619E-05
2.19009426E-01 3.33692347E-03 9.18904539E-05
2.20342620E-01 3.25814840E-03 8.96775832E-05
2.21675773E-01 3.56674668E-03 9.16369686E-05
2.23008885E-01 3.38889968E-03 9.03054050E-05
2.24341957E-01 3.22109754E-03 9.22880787E-05
2.25674987E-01 3.52245756E-03 9.52888530E-05
2.27007976E-01 3.38458859E-03 8.66670665E-05
2.28340922E-01 3.48962314E-03 8.92869075E-05
2.29673827E-01 3.31465863E-03 8.24871525E-05
2.31006689E-01 3.44266340E-03 9.05126659E-05
2.32339509E-01 3.52305525E-03 8.95818727E-05
2.33672286E-01 3.34014097E-03 8.65522428E-05
2.35005021E-01 3.51285428E-03 8.88298420E-05
2.36337711E-01 3.33296796E-03 8.68899710E-05
2.37670359E-01 3.52032818E-03 8.91992975E-05
2.39002962E-01 3.48594100E-03 8.77941074E-05
2.40335522E-01 3.46320493E-03 8.53145267E-05
2.41668037E-01 3.38301740E-03 8.89099539E-05
2.43000508E-01 3.29649511E-03 7.88099853E-05
2.44332934E-01 3.59026544E-03 8.46188504E-05
2.45665316E-01 3.41520043E-03 8.46316491E-05
2.46997652E-01 3.47506333E-03 8.56728500E-05
2.48329942E-01 3.27220421E-03 8.21112968E-05
2.49662187E-01 3.12300544E-03 8.13578789E-05
2.50994386E-01 3.33394051E-03 8.11867056E-05
2.52326539E-01 3.32697224E-03 8.39515877E-05
2.53658646E-01 3.28295738E-03 7.94633264E-05
2.54990705E-01 3.55295799E-03 8.56630207E-05
2.56322718E-01 3.39593887E-03 8.22682836E-05
2.57654684E-01 3.37792621E-03 8.06360242E-05
2.58986602E-01 3.26634286E-03 7.90693757E-05
2.60318473E-01 3.49925169E-03 8.25581201E-05
2.61650296E-01 3.40831571E-03 8.08819230E-05
2.62982071E-01 3.42296489E-03 8.12325201E-05
2.64313797E-01 3.36022600E-03 8.07769683E-05
2.65645475E-01 3.46648150E-03 7.97174220E-05
2.66977104E-01 3.31941126E-03 7.55646049E-05
2.68308684E-01 3.36341328E-03 7.78310840E-05
2.69640214E-01 3.33165307E-03 7.96925162E-05
2.70971695E-01 3.36999993E-03 7.60654628E-05
2.72303126E-01 3.45422181E-03 7.92861478E-05
2.73634508E-01 3.30324989E-03 7.73427748E-05
2.74965838E-01 3.36648436E-03 7.94489981E-05
2.76297119E-01 3.39983013E-03 8.04429226E-05
2.77628348E-01 3.60175502E-03 8.10875363E-05
2.78959527E-01 3.13665793E-03 7.63656957E-05
2.80290654E-01 3.36467419E-03 7.50174779E-05
2.81621730E-01 3.32095398E-03 7.65280789E-05
2.82952754E-01 3.37175051E-03 7.87177263E-05
2.84283726E-01 3.46463143E-03 7.78771184E-05
2.85614646E-01 3.37096075E-03 7.80503550E-05
2.86945514E-01 3.47090195E-03 7.78076480E-05
2.88276328E-01 3.42325960E-03 7.80368821E-05
2.89607090E-01 3.46040768E-03 8.06971702E-05
2.90937799E-01 3.33614599E-03 7.68136991E-05
2.92268454E-01 3.44601757E-03 7.85105132E-05
2.93599055E-01 3.47362571E-03 7.98385477E-05
2.94929603E-01 3.50668134E-03 7.99550097E-05
2.96260097E-01 3.34897498E-03 7.92417084E-05
2.97590536E-01 3.53125030E-03 8.37808640E-05
2.98920920E-01 3.39134149E-03 7.73303725E-05
3.00251250E-01 3.48424760E-03 7.69377271E-05
3.01581524E-01 3.38010656E-03 8.11143635E-05
3.02911743E-01 3.37936574E-03 7.95000650E-05
3.04241907E-01 3.32793878E-03 7.75346980E-05
3.05572015E-01 3.28563384E-03 7.84970083E-05
3.06902066E-01 3.31227929E-03 7.68353799E-05
3.08232062E-01 3.31344318E-03 7.85245762E-05
3.09562000E-01 3.32216801E-03 7.87891204E-05
3.10891882E-01 3.40095924E-03 7.72038697E-05
3.12221707E-01 3.42055254E-03 8.18514373E-05
3.13551475E-01 3.56606610E-03 8.09882108E-05
3.14881185E-01 3.37482135E-03 7.83441653E-05
3.16210838E-01 3.44021884E-03 7.75094483E-05
3.17540432E-01 3.47433644E-03 7.90190211E-05
3.18869968E-01 3.42330721E-03 7.88696586E-05
3.20199446E-01 3.41292756E-03 7.97577981E-05
3.21528865E-01 3.36331250E-03 7.65034535E-05
3.22858225E-01 3.31632474E-03 7.81082768E-05
3.24187526E-01 3.43788930E-03 7.89868120E-05
3.25516768E-01 3.36707163E-03 7.76906720E-05
3.26845949E-01 3.33884278E-03 7.81773699E-05
3.28175071E-01 3.31538792E-03 7.47697878E-05
3.29504133E-01 3.39089080E-03 7.90489914E-05
3.30833134E-01 3.43434974E-03 7.77546335E-05
3.32162075E-01 3.52725820E-03 7.80930170E-05
3.33490955E-01 3.34241476E-03 7.92137840E-05
3.34819774E-01 3.33552703E-03 7.93449322E-05
3.36148531E-01 3.42191035E-03 7.66538515E-05
3.37477227E-01 3.54939132E-03 7.97174767E-05
3.38805861E-01 3.42302733E-03 7.70514444E-05
3.40134433E-01 3.31905366E-03 7.67639400E-05
3.41462943E-01 3.27409716E-03 7.52179640E-05
3.42791390E-01 3.30877691E-03 7.50315387E-05
3.44119774E-01 3.36161494E-03 7.64370421E-05
3.45448095E-01 3.36260565E-03 7.90411823E-05
3.46776353E-01 3.39670633E-03 8.01990762E-05
3.48104548E-01 3.48798487E-03 7.47169641E-05
3.49432679E-01 3.41200566E-03 7.54868906E-05
3.50760746E-01 3.61018961E-03 8.00896758E-05
3.52088749E-01 3.59054986E-03 8.08908168E-05
3.53416687E-01 3.36577904E-03 8.09779893E-05
3.54744560E-01 3.46713068E-03 7.95677791E-05
3.56072369E-01 3.34919344E-03 7.97597763E-05
3.57400112E-01 3.42524227E-03 8.09443920E-05
3.58727791E-01 3.52535721E-03 8.37474266E-05
3.60055403E-01 3.49697527E-03 8.33115123E-05
3.61382950E-01 3.41184911E-03 8.54168565E-05
3.62710430E-01 3.58180654E-03 8.48992200E-05
3.64037844E-01 3.57110546E-03 8.85670005E-05
3.65365192E-01 3.42927118E-03 8.63106149E-05
3.66692473E-01 3.25430257E-03 8.34039179E-05
3.68019686E-01 3.23522216E-03 8.30971444E-05
3.69346833E-01 3.50550293E-03 9.15675453E-05
3.70673911E-01 3.41417007E-03 8.76484758E-05
3.72000922E-01 3.34886358E-03 8.82007895E-05
3.73327866E-01 3.47419441E-03 8.74115982E-05
3.74654740E-01 3.33378367E-03 8.71516375E-05
3.75981547E-01 3.40190501E-03 8.62584723E-05
3.77308284E-01 3.32010839E-03 9.06281515E-05
3.78634953E-01 3.34727466E-03 8.95346737E-05
3.79961552E-01 3.30622220E-03 9.07983868E-05
3.81288082E-01 3.38058987E-03 9.11071276E-05
3.82614543E-01 3.41596320E-03 9.08366582E-05
3.83940933E-01 3.53220183E-03 9.44629031E-05
3.85267254E-01 3.40329404E-03 8.72259047E-05
3.86593504E-01 3.42389860E-03 9.05922743E-05
3.87919683E-01 3.38830643E-03 9.34890360E-05
3.89245791E-01 3.47411468E-03 9.41962997E-05
3.90571829E-01 3.50486870E-03 9.25803868E-05
3.91897795E-01 3.35155160E-03 8.77735479E-05
3.93223690E-01 3.30891644E-03 9.22093018E-05
3.94549512E-01 3.40204190E-03 9.73799116E-05
3.95875263E-01 3.33691978E-03 9.13237050E-05
3.97200941E-01 3.38109824E-03 9.23345556E-05
3.98526547E-01 3.40967078E-03 9.35992988E-05
3.99852081E-01 3.42030525E-03 9.74059262E-05
4.01177541E-01 3.43043116E-03 9.62389988E-05
4.02502928E-01 3.52392369E-03 9.62971068E-05
4.03828242E-01 3.38960144E-03 9.19707079E-05
4.05153481E-01 3.39634484E-03 9.70382253E-05
4.06478647E-01 3.46410156E-03 9.38288495E-05
4.07803739E-01 3.41040979E-03 9.92817392E-05
4.09128757E-01 3.29678176E-03 9.75845279E-05
4.10453700E-01 3.52135112E-03 9.63973628E-05
4.11778568E-01 3.54218893E-03 1.01203422E-04
4.13103361E-01 3.32897186E-03 9.73816457E-05
4.14428078E-01 3.51997131E-03 1.00265582E-04
4.15752720E-01 3.54155576E-03 9.93907982E-05
4.17077287E-01 3.42461647E-03 1.03350611E-04
4.18401777E-01 3.54120565E-03 1.04880045E-04
4.19726191E-01 3.45655747E-03 9.80516400E-05
4.21050528E-01 3.51228792E-03 1.01064375E-04
4.22374789E-01 3.53638787E-03 1.04969707E-04
4.23698973E-01 3.47848106E-03 1.01793246E-04
4.25023079E-01 3.45680296E-03 1.00979730E-04
4.26347108E-01 3.59167827E-03 1.05466990E-04
4.27671060E-01 3.60106148E-03 1.02503922E-04
4.28994934E-01 3.56735861E-03 1.07052992E-04
4.30318729E-01 3.46331757E-03 1.06800603E-04
4.31642446E-01 3.50177806E-03 1.08301315E-04
4.32966085E-01 3.33777985E-03 1.02405856E-04
4.34289644E-01 3.49823625E-03 1.05978655E-04
4.35613125E-01 3.38401722E-03 1.05672608E-04
4.36936526E-01 3.39687476E-03 1.02843531E-04
4.38259848E-01 3.50501636E-03 9.86714649E-05
4.39583090E-01 3.36532315E-03 1.10617156E-04
4.40906252E-01 3.31614506E-03 1.04436143E-04
4.42229334E-01 3.49673330E-03 1.07954147E-04
4.43552335E-01 3.48012356E-03 1.07913078E-04
4.44875255E-01 3.40003203E-03 1.11257834E-04
4.46198095E-01 3.27971749E-03 1.08429491E-04
4.47520853E-01 3.59850173E-03 1.12796615E-04
4.48843531E-01 3.57512680E-03 1.08408094E-04
4.50166126E-01 3.59789004E-03 1.13854400E-04
4.51488640E-01 3.63092216E-03 1.13580265E-04
4.52811071E-01 3.53241443E-03 1.18118868E-04
4.54133420E-01 3.54036936E-03 1.04911909E-04
4.55455687E-01 3.66729422E-03 1.11085424E-04
4.56777871E-01 3.34975030E-03 1.11228902E-04
4.58099971E-01 3.53949378E-03 1.15370006E-04
4.59421989E-01 3.53434871E-03 1.13916559E-04
4.60743923E-01 3.79596481E-03 1.18987994E-04
4.62065773E-01 3.63856583E-03 1.12846064E-04
4.63387539E-01 3.59246595E-03 1.09547402E-04
4.64709222E-01 3.48590076E-03 1.05809046E-04
4.66030819E-01 3.48836154E-03 1.13429039E-04
4.67352332E-01 3.54687060E-03 1.20214161E-04
4.68673761E-01 3.48335170E-03 1.15985282E-04
4.69995104E-01 3.51042143E-03 1.28674732E-04
4.71316361E-01 3.32885056E-03 1.32820585E-04
4.72637534E-01 3.41749661E-03 1.29569826E-04
4.73958620E-01 3.42415704E-03 1.33829545E-04
4.75279620E-01 3.64218706E-03 1.27490387E-04
4.76600534E-01 3.36313575E-03 1.35588430E-04
4.77921362E-01 3.58874803E-03 1.35198603E-04
4.79242103E-01 3.37486304E-03 1.37633781E-04
4.80562757E-01 3.38363396E-03 1.39262720E-04
4.81883323E-01 3.33943771E-03 1.41050293E-04
4.83203803E-01 3.46715846E-03 1.42963059E-04
4.84524194E-01 3.63046637E-03 1.54003900E-04
4.85844498E-01 3.74114743E-03 1.48166509E-04
4.87164714E-01 3.38092020E-03 1.49284236E-04
4.88484841E-01 3.67595164E-03 1.50852627E-04
4.89804880E-01 3.73037343E-03 1.55749050E-04
4.91124830E-01 3.36990506E-03 1.67507837E-04
4.92444691E-01 3.25719956E-03 1.66360416E-04
4.93764462E-01 3.51978262E-03 1.72051159E-04
4.95084144E-01 3.53084992E-03 1.59855584E-04
4.96403737E-01 3.34648498E-03 1.50372198E-04
4.97723239E-01 3.40989594E-03 1.63497910E-04
4.99042652E-01 3.45236235E-03 1.80411626E-04
5.00361973E-01 3.61950314E-03 1.91003360E-04
5.01681205E-01 3.64405151E-03 1.80155467E-04
5.03000345E-01 3.72280903E-03 1.90372417E-04
5.04319394E-01 3.78480138E-03 1.94829298E-04
5.05638352E-01 3.44438289E-03 1.82864516E-04
5.06957219E-01 3.58342551E-03 1.88018923E-04
5.08275993E-01 3.54015453E-03 2.02911674E-04
5.09594676E-01 3.73909210E-03 2.11109353E-04
5.10913266E-01 3.56781318E-03 2.01915254E-04
5.12231764E-01 3.47829411E-03 2.02163642E-04
5.13550170E-01 3.74002422E-03 2.08336086E-04
5.14868482E-01 3.74910909E-03 2.09971526E-04
5.16186701E-01 3.63410163E-03 2.08018811E-04
5.17504827E-01 3.47282280E-03 1.98350317E-04
5.18822859E-01 3.97850460E-03 2.25683906E-04
5.20140797E-01 3.75540192E-03 2.48681099E-04
5.21458641E-01 3.88735059E-03 2.28234018E-04
5.22776391E-01 3.79912703E-03 2.45789077E-04
5.24094047E-01 3.37306982E-03 2.08276083E-04
5.25411608E-01 3.58199082E-03 2.70382035E-04
5.26729073E-01 3.87834191E-03 2.50332405E-04
5.28046444E-01 3.42140032E-03 2.40544052E-04
5.29363719E-01 3.32365441E-03 2.54240940E-04
5.30680898E-01 3.87071007E-03 2.71446201E-04
5.31997982E-01 3.74672475E-03 2.70999460E-04
5.33314969E-01 3.82515427E-03 2.83149554E-04
5.34631861E-01 3.13188828E-03 2.67143763E-04
5.35948655E-01 3.57539707E-03 3.05738208E-04
5.37265353E-01 4.00072855E-03 2.84188500E-04
5.38581954E-01 3.72726108E-03 2.87982407E-04
5.39898457E-01 3.81369756E-03 3.15128051E-04
5.41214863E-01 2.93457882E-03 2.82020270E-04
5.42531172E-01 4.01006564E-03 3.41006630E-04
5.43847382E-01 3.31167107E-03 3.32802197E-04
5.45163494E-01 3.06284118E-03 3.55561870E-04
5.46479508E-01 4.26467187E-03 3.68697788E-04
5.47795424E-01 4.02342961E-03 3.96773744E-04
5.49111240E-01 3.55615079E-03 3.60551526E-04
5.50426957E-01 3.86916838E-03 3.82893202E-04
5.51742576E-01 3.86031966E-03 4.01787791E-04
5.53058094E-01 4.28691334E-03 4.27614534E-04
5.54373513E-01 3.37149699E-03 3.34666951E-04
5.55688832E-01 3.37945480E-03 3.34587025E-04
5.57004051E-01 3.38412607E-03 3.88399515E-04
5.58319169E-01 3.80634493E-03 4.48900611E-04
5.59634187E-01 3.91926172E-03 4.24774464E-04
5.60949104E-01 4.49312819E-03 4.76228654E-04
5.62263920E-01 3.41479757E-03 3.99167240E-04
5.63578635E-01 4.24892172E-03 4.96274825E-04
5.64893248E-01 4.09943291E-03 5.89166157E-04
5.66207759E-01 3.47585945E-03 4.47251937E-04
5.67522168E-01 2.86584656E-03 4.08943259E-04
5.68836475E-01 3.19631271E-03 6.19103633E-04
5.70150680E-01 3.90745222E-03 5.21242862E-04
5.71464782E-01 3.72676387E-03 6.21986409E-04
5.72778781E-01 3.61108296E-03 5.75060217E-04
5.74092677E-01 4.38534591E-03 6.42784236E-04
5.75406470E-01 4.38580644E-03 5.42602828E-04
5.76720159E-01 3.38938896E-03 6.53005967E-04
5.78033745E-01 1.70595085E-03 4.59538825E-04
5.79347226E-01 3.29039590E-03 6.71649251E-04
5.80660603E-01 2.19382970E-03 6.20508743E-04


### HEADER:

{
    "analysis": {
        "uvvis": {
            "UVDarkTransmission": 0.0, 
            "UVPathlength": 1.5, 
            "UVTransmission": 1.0
        }
    }, 
    "calibration_params": {
        "Beam_Center_X": 353.270665166, 
        "Beam_Center_Y": 218.565552071, 
        "Detector_Pixel_Size": 0.172, 
        "Radial_Average_Method": "RAW", 
        "Sample_Detector_Distance": 600.0, 
        "Wavelength": 1.34765431953
    }, 
    "config_file": null, 
    "counters": {}, 
    "filename": "02489_A1_BSA_10_268_c.tiff", 
    "history": {}, 
    "imageHeader": {
        "AFTER": 155532010.0, 
        "BEFORE": 155532010.0, 
        "IC": 155532010.0, 
        "Img.ImgType": "2D", 
        "Img.Site": "TUM", 
        "aquire_timestamp": "Wed Jan 23 14:54:46 2019", 
        "beam_x": 360.21, 
        "beam_y": 207.57, 
        "beamcenter_actual": "360.21    207.57", 
        "beamcenter_nominal": "360.21    207.57", 
        "bstop": 98.0, 
        "calibrationtype": "geom", 
        "configuraton_number": 2.0, 
        "data_added_constant": 0.0, 
        "data_multiplied_constant": 1.0, 
        "datatype": "tiff", 
        "det_count_cutoff": 1147717.0, 
        "det_excluded_pixels": "badpix_mask.tif", 
        "det_exposure_period": 31.0, 
        "det_exposure_time": 30.0, 
        "det_flat_field": "FF_p3-0304_E8048_T4024_vrf_m0p100.tif", 
        "det_n_excluded_pixels": 11.0, 
        "det_pixel_size": "172e-6 172e-6", 
        "det_tau": 0.0, 
        "det_thickness": 0.00032, 
        "det_threshold_setting": 4024.0, 
        "det_trim_directory": "p3-0304_E8048_T4024.bin", 
        "detector_dist": 605.2981, 
        "detector_function": "saxs", 
        "detector_sn": "dec1442", 
        "detectortype": "Pilatus", 
        "detx": 524.998096, 
        "dety": 2.871875, 
        "detz": 0.0, 
        "error_norm_fact": 1.0, 
        "exposure_time": 30.0, 
        "flatfield_applied": 1.0, 
        "hg1": 1.5, 
        "hg2": 0.8, 
        "hp1": 0.0, 
        "hp2": -0.0, 
        "integration_time": 30.0, 
        "livetime": 30.0, 
        "log": "log", 
        "pd": -0.000125, 
        "photons_per_100adu": 100.0, 
        "pixelsize": "0.172 0.172", 
        "pixelsize_x": 172.0, 
        "pixelsize_y": 172.0, 
        "reduction_type": "s", 
        "sample_angle1": 0.0, 
        "sample_bio_cell_temp": 25.0, 
        "sample_bio_code": "None", 
        "sample_bio_run_number": 1.0, 
        "sample_bio_uv_dark": 0.0, 
        "sample_bio_uv_pathlength": 1.5, 
        "sample_bio_uv_trans": 1.0, 
        "sample_temp": 19.99, 
        "sample_transfact": 1.0, 
        "sample_ypos": 1.5, 
        "sample_zpos": 0.0, 
        "saturated_value": 1147717.0, 
        "saxsconf_Ieff": 1.0, 
        "saxsconf_Imon": 155532010.0, 
        "saxsconf_Izero": 155532010.0, 
        "saxsconf_det_offx": 0.0, 
        "saxsconf_det_offy": 0.0, 
        "saxsconf_det_pixsizey": 0.172, 
        "saxsconf_det_pixsizez": 0.172, 
        "saxsconf_det_rotx": 0.0, 
        "saxsconf_det_roty": 0.0, 
        "saxsconf_dwavelength": 0.004, 
        "saxsconf_l1": 725.0, 
        "saxsconf_l2": 400.0, 
        "saxsconf_l3": 200.0, 
        "saxsconf_r1": 0.75, 
        "saxsconf_r2": 0.4, 
        "saxsconf_r3": 0.75, 
        "saxsconf_wavelength": 1.3414, 
        "solz": 0.0, 
        "source_kV": 0.0, 
        "source_ma": 0.0, 
        "source_type": "EXCILLUMMETALJET", 
        "start_timestamp": "Wed Jan 23 14:54:46 2019", 
        "thsam": 0.0, 
        "vg1": 1.5, 
        "vg2": 0.8, 
        "vp1": 0.0, 
        "vp2": 0.0, 
        "wavelength": 1.3414, 
        "xaxisbintype": "lin", 
        "zinger_removal": 0.0, 
        "zsam": 0.0
    }, 
    "load_path": "/home/saxslab/BIODATA/RawCorr/02489_A1_BSA_10_268_c.tiff", 
    "normalizations": {
        "Counter_norms": [
            [
                "/", 
                "exposure_time"
            ], 
            [
                "/", 
                "saxsconf_Izero/1e7"
            ]
        ], 
        "Solid_Angle_Correction": "On"
    }, 
    "raw_version": "1.4.2 (BioXolver version)"
}

