### DATA:

         Q               I              Error
430
1.06922151E-02 2.71830281E-02 4.45565285E-03
1.20287357E-02 2.72418139E-02 4.08787519E-03
1.33652541E-02 2.10938761E-02 1.88972469E-03
1.47017700E-02 1.61812472E-02 1.00367815E-03
1.60382831E-02 1.07486829E-02 6.68171977E-04
1.73747933E-02 9.16899719E-03 6.19249354E-04
1.87113003E-02 8.43890143E-03 4.38791080E-04
2.00478039E-02 7.38672381E-03 4.78547017E-04
2.13843037E-02 6.89824476E-03 4.17801252E-04
2.27207996E-02 5.60886593E-03 3.45925756E-04
2.40572913E-02 5.42375313E-03 3.01657699E-04
2.53937785E-02 5.56265661E-03 3.45165554E-04
2.67302610E-02 5.12130751E-03 2.89010379E-04
2.80667386E-02 4.82526526E-03 3.00735376E-04
2.94032110E-02 4.80268920E-03 2.86402678E-04
3.07396780E-02 4.60144981E-03 2.40207574E-04
3.20761393E-02 4.39168739E-03 2.50843399E-04
3.34125946E-02 4.22627740E-03 2.45631510E-04
3.47490438E-02 4.22757695E-03 2.10963326E-04
3.60854865E-02 4.20452420E-03 2.07328500E-04
3.74219226E-02 3.75030111E-03 1.92744729E-04
3.87583518E-02 3.86255892E-03 2.13603518E-04
4.00947738E-02 3.94141532E-03 1.94809792E-04
4.14311883E-02 4.18103424E-03 2.26524549E-04
4.27675953E-02 3.84716861E-03 1.98513804E-04
4.41039943E-02 3.62725908E-03 1.86347491E-04
4.54403851E-02 3.83602614E-03 1.79920326E-04
4.67767676E-02 3.74931372E-03 1.95488193E-04
4.81131414E-02 3.71637297E-03 1.97350688E-04
4.94495063E-02 3.64583867E-03 1.84714893E-04
5.07858621E-02 3.48253890E-03 1.80002046E-04
5.21222085E-02 3.63764170E-03 1.88398691E-04
5.34585452E-02 3.70449332E-03 1.82914956E-04
5.47948721E-02 3.71785384E-03 1.87700912E-04
5.61311889E-02 3.39480489E-03 1.59378024E-04
5.74674952E-02 3.54563352E-03 1.64515972E-04
5.88037910E-02 3.74097396E-03 1.69059822E-04
6.01400758E-02 3.62660492E-03 1.74553155E-04
6.14763496E-02 3.51096251E-03 1.59904093E-04
6.28126120E-02 3.29281684E-03 1.54839070E-04
6.41488628E-02 3.75907146E-03 1.60213345E-04
6.54851017E-02 3.89665120E-03 1.75954105E-04
6.68213285E-02 3.50884400E-03 1.41545163E-04
6.81575430E-02 3.29781906E-03 1.52074598E-04
6.94937449E-02 3.60513698E-03 1.64447878E-04
7.08299339E-02 3.39444290E-03 1.54164232E-04
7.21661098E-02 3.51336378E-03 1.62242750E-04
7.35022724E-02 3.64467301E-03 1.56555313E-04
7.48384215E-02 3.60269554E-03 1.61569578E-04
7.61745566E-02 3.34018560E-03 1.61109680E-04
7.75106778E-02 3.50355298E-03 1.57641466E-04
7.88467845E-02 3.52521016E-03 1.48355604E-04
8.01828767E-02 3.76138010E-03 1.54392325E-04
8.15189541E-02 3.55122394E-03 1.47907054E-04
8.28550165E-02 3.54927406E-03 1.51925435E-04
8.41910635E-02 3.32881513E-03 1.39082036E-04
8.55270949E-02 3.42609561E-03 1.49949502E-04
8.68631106E-02 3.31777873E-03 1.59587249E-04
8.81991102E-02 3.53188598E-03 1.52946852E-04
8.95350935E-02 3.37778340E-03 1.52926775E-04
9.08710603E-02 3.36569387E-03 1.40579535E-04
9.22070102E-02 3.54862674E-03 1.40109047E-04
9.35429432E-02 3.62368196E-03 1.55373055E-04
9.48788588E-02 3.37771914E-03 1.43814385E-04
9.62147569E-02 3.46151378E-03 1.49289405E-04
9.75506373E-02 3.67727910E-03 1.54487581E-04
9.88864996E-02 3.50926216E-03 1.51826087E-04
1.00222344E-01 3.24279093E-03 1.33115847E-04
1.01558169E-01 3.30380216E-03 1.31614811E-04
1.02893976E-01 3.47904679E-03 1.39657594E-04
1.04229764E-01 3.45764605E-03 1.46906158E-04
1.05565532E-01 3.46063196E-03 1.31482397E-04
1.06901281E-01 3.33880680E-03 1.25589791E-04
1.08237011E-01 3.46462624E-03 1.25680894E-04
1.09572720E-01 3.52514423E-03 1.33764265E-04
1.10908409E-01 3.54871055E-03 1.32301305E-04
1.12244077E-01 3.63869288E-03 1.36595466E-04
1.13579725E-01 3.25211940E-03 1.28158806E-04
1.14915352E-01 3.27717945E-03 1.28380267E-04
1.16250958E-01 3.53534783E-03 1.30833371E-04
1.17586542E-01 3.38336910E-03 1.22708720E-04
1.18922104E-01 3.43329970E-03 1.17143394E-04
1.20257645E-01 3.53062157E-03 1.24950155E-04
1.21593163E-01 3.74451979E-03 1.20309939E-04
1.22928659E-01 3.32951749E-03 1.15997501E-04
1.24264132E-01 3.36784761E-03 1.17206227E-04
1.25599582E-01 3.37433313E-03 1.13763716E-04
1.26935009E-01 3.64802201E-03 1.29601694E-04
1.28270412E-01 3.39792333E-03 1.19091496E-04
1.29605792E-01 3.49045463E-03 1.18191894E-04
1.30941148E-01 3.51445215E-03 1.13217976E-04
1.32276480E-01 3.52703801E-03 1.12636854E-04
1.33611787E-01 3.43503047E-03 1.19125690E-04
1.34947070E-01 3.55651910E-03 1.18764550E-04
1.36282327E-01 3.44749431E-03 1.19651169E-04
1.37617560E-01 3.44059152E-03 1.12253882E-04
1.38952767E-01 3.51461428E-03 1.12845321E-04
1.40287948E-01 3.47583969E-03 1.11836641E-04
1.41623104E-01 3.62142597E-03 1.09846643E-04
1.42958234E-01 3.40014021E-03 1.17846472E-04
1.44293337E-01 3.49541744E-03 1.06142477E-04
1.45628413E-01 3.53846028E-03 1.08377140E-04
1.46963463E-01 3.41672750E-03 1.10904500E-04
1.48298485E-01 3.43362836E-03 1.03716347E-04
1.49633480E-01 3.39654652E-03 1.08565152E-04
1.50968447E-01 3.44560516E-03 1.12935030E-04
1.52303387E-01 3.70720360E-03 1.11184307E-04
1.53638298E-01 3.44990238E-03 1.05957896E-04
1.54973182E-01 3.39459341E-03 1.03154403E-04
1.56308036E-01 3.52775568E-03 1.09261852E-04
1.57642862E-01 3.58020995E-03 1.08163994E-04
1.58977658E-01 3.36066639E-03 1.00419560E-04
1.60312426E-01 3.41436053E-03 1.02869709E-04
1.61647163E-01 3.57310447E-03 1.01614603E-04
1.62981871E-01 3.51248557E-03 1.03615536E-04
1.64316549E-01 3.45553084E-03 9.98555772E-05
1.65651196E-01 3.46644590E-03 1.02365427E-04
1.66985813E-01 3.53101022E-03 1.00410864E-04
1.68320399E-01 3.60179133E-03 1.02857989E-04
1.69654954E-01 3.33775283E-03 1.01233883E-04
1.70989478E-01 3.34107200E-03 9.53954649E-05
1.72323970E-01 3.46169805E-03 1.01673313E-04
1.73658431E-01 3.33803147E-03 1.03147368E-04
1.74992859E-01 3.42970548E-03 9.60230154E-05
1.76327255E-01 3.35205903E-03 9.85758848E-05
1.77661619E-01 3.39911105E-03 9.65695771E-05
1.78995950E-01 3.42840953E-03 9.92656823E-05
1.80330247E-01 3.73756491E-03 9.83713502E-05
1.81664512E-01 3.37033503E-03 9.87990482E-05
1.82998743E-01 3.32944290E-03 9.86710401E-05
1.84332940E-01 3.40798328E-03 9.65243046E-05
1.85667104E-01 3.17878500E-03 9.49179427E-05
1.87001233E-01 3.54354868E-03 9.94412347E-05
1.88335327E-01 3.68888452E-03 1.02774328E-04
1.89669387E-01 3.43779866E-03 9.55012749E-05
1.91003412E-01 3.44316855E-03 1.02594786E-04
1.92337402E-01 3.28597981E-03 9.25006076E-05
1.93671356E-01 3.58902187E-03 9.87471017E-05
1.95005275E-01 3.41645044E-03 9.86839686E-05
1.96339157E-01 3.33775889E-03 9.88769246E-05
1.97673004E-01 3.37863823E-03 1.03081490E-04
1.99006814E-01 3.28918628E-03 9.50075244E-05
2.00340587E-01 3.55864842E-03 9.87910261E-05
2.01674324E-01 3.51402362E-03 1.01804981E-04
2.03008023E-01 3.57674376E-03 9.96321361E-05
2.04341685E-01 3.54669153E-03 9.74694579E-05
2.05675309E-01 3.35485582E-03 9.82901182E-05
2.07008895E-01 3.49527634E-03 9.85887606E-05
2.08342443E-01 3.30341663E-03 9.88127252E-05
2.09675953E-01 3.36697333E-03 9.37365936E-05
2.11009424E-01 3.39408720E-03 9.45878021E-05
2.12342856E-01 3.15448136E-03 9.70747556E-05
2.13676249E-01 3.33348929E-03 1.01352778E-04
2.15009603E-01 3.46486087E-03 9.67620331E-05
2.16342917E-01 3.36635001E-03 9.42002864E-05
2.17676192E-01 3.35505021E-03 8.92031189E-05
2.19009426E-01 3.31822519E-03 9.03071200E-05
2.20342620E-01 3.60513977E-03 9.41719230E-05
2.21675773E-01 3.19399114E-03 8.72095172E-05
2.23008885E-01 3.38290132E-03 8.93443777E-05
2.24341957E-01 3.48739345E-03 9.56524535E-05
2.25674987E-01 3.36649353E-03 9.27849881E-05
2.27007976E-01 3.48005017E-03 8.91637859E-05
2.28340922E-01 3.31846596E-03 8.88716110E-05
2.29673827E-01 3.38857815E-03 8.97628523E-05
2.31006689E-01 3.34757504E-03 8.99544076E-05
2.32339509E-01 3.39943869E-03 8.87472306E-05
2.33672286E-01 3.39752275E-03 8.92564875E-05
2.35005021E-01 3.59649268E-03 9.05227590E-05
2.36337711E-01 3.44837968E-03 8.69581642E-05
2.37670359E-01 3.41918125E-03 8.58603544E-05
2.39002962E-01 3.38053787E-03 8.33364050E-05
2.40335522E-01 3.45707505E-03 8.78248902E-05
2.41668037E-01 3.33367863E-03 8.54757417E-05
2.43000508E-01 3.54099012E-03 8.54460001E-05
2.44332934E-01 3.42910269E-03 8.67622452E-05
2.45665316E-01 3.47102380E-03 8.48614842E-05
2.46997652E-01 3.45843237E-03 8.33125596E-05
2.48329942E-01 3.54069131E-03 8.57196687E-05
2.49662187E-01 3.51420964E-03 8.57463985E-05
2.50994386E-01 3.54620405E-03 8.66723461E-05
2.52326539E-01 3.40349252E-03 8.25996122E-05
2.53658646E-01 3.50847453E-03 8.58545149E-05
2.54990705E-01 3.50900200E-03 8.58183532E-05
2.56322718E-01 3.48319162E-03 8.59116699E-05
2.57654684E-01 3.35405369E-03 8.16915849E-05
2.58986602E-01 3.49388238E-03 8.48766690E-05
2.60318473E-01 3.36397524E-03 7.93509668E-05
2.61650296E-01 3.56374067E-03 8.47186777E-05
2.62982071E-01 3.32610457E-03 8.14314382E-05
2.64313797E-01 3.48875691E-03 8.13443454E-05
2.65645475E-01 3.27912595E-03 7.87214851E-05
2.66977104E-01 3.38096250E-03 8.17134252E-05
2.68308684E-01 3.48514867E-03 8.11905936E-05
2.69640214E-01 3.38511035E-03 8.35136815E-05
2.70971695E-01 3.35852624E-03 7.75212434E-05
2.72303126E-01 3.38801010E-03 8.09899988E-05
2.73634508E-01 3.39422130E-03 8.11505179E-05
2.74965838E-01 3.55234493E-03 7.81786769E-05
2.76297119E-01 3.39197892E-03 7.82685888E-05
2.77628348E-01 3.44735583E-03 7.61408747E-05
2.78959527E-01 3.33447221E-03 7.90268420E-05
2.80290654E-01 3.45287148E-03 8.15356207E-05
2.81621730E-01 3.41147550E-03 7.70394914E-05
2.82952754E-01 3.38537172E-03 7.81834811E-05
2.84283726E-01 3.28823446E-03 7.73551056E-05
2.85614646E-01 3.44448219E-03 7.76027041E-05
2.86945514E-01 3.45400946E-03 7.81907782E-05
2.88276328E-01 3.45674720E-03 7.78098881E-05
2.89607090E-01 3.34421533E-03 7.68681850E-05
2.90937799E-01 3.33208499E-03 8.09469364E-05
2.92268454E-01 3.32606299E-03 7.87878951E-05
2.93599055E-01 3.42017707E-03 7.88037136E-05
2.94929603E-01 3.36862639E-03 7.91104307E-05
2.96260097E-01 3.30243601E-03 7.78842532E-05
2.97590536E-01 3.46742622E-03 8.14957598E-05
2.98920920E-01 3.48837086E-03 8.14021837E-05
3.00251250E-01 3.47808048E-03 7.94450783E-05
3.01581524E-01 3.30033211E-03 7.99133354E-05
3.02911743E-01 3.46810132E-03 8.04134468E-05
3.04241907E-01 3.39887983E-03 7.66348379E-05
3.05572015E-01 3.53057445E-03 8.09186835E-05
3.06902066E-01 3.39917082E-03 7.60972471E-05
3.08232062E-01 3.32032084E-03 7.82894740E-05
3.09562000E-01 3.43382251E-03 7.70806010E-05
3.10891882E-01 3.41829097E-03 7.78974657E-05
3.12221707E-01 3.50363529E-03 8.13740230E-05
3.13551475E-01 3.39308883E-03 7.86841680E-05
3.14881185E-01 3.35972812E-03 8.03999070E-05
3.16210838E-01 3.28450615E-03 7.61842295E-05
3.17540432E-01 3.39079607E-03 7.99377722E-05
3.18869968E-01 3.44246749E-03 7.89651559E-05
3.20199446E-01 3.33761878E-03 7.72646084E-05
3.21528865E-01 3.43431383E-03 7.88333575E-05
3.22858225E-01 3.37155987E-03 7.68133108E-05
3.24187526E-01 3.41205025E-03 7.78163876E-05
3.25516768E-01 3.51453846E-03 7.81179811E-05
3.26845949E-01 3.41871361E-03 7.74563438E-05
3.28175071E-01 3.43578292E-03 7.52031475E-05
3.29504133E-01 3.47695789E-03 7.89224081E-05
3.30833134E-01 3.48010611E-03 7.79878254E-05
3.32162075E-01 3.42728627E-03 7.62065828E-05
3.33490955E-01 3.40198964E-03 7.78628369E-05
3.34819774E-01 3.40573893E-03 7.74578014E-05
3.36148531E-01 3.29238898E-03 7.65531683E-05
3.37477227E-01 3.56079791E-03 7.94003187E-05
3.38805861E-01 3.29599841E-03 7.61479151E-05
3.40134433E-01 3.36951354E-03 7.64020359E-05
3.41462943E-01 3.34882793E-03 7.84551424E-05
3.42791390E-01 3.39784198E-03 7.83709516E-05
3.44119774E-01 3.43869164E-03 7.80233770E-05
3.45448095E-01 3.41410693E-03 7.72595546E-05
3.46776353E-01 3.45332370E-03 7.61786108E-05
3.48104548E-01 3.49215827E-03 7.46366190E-05
3.49432679E-01 3.36787222E-03 7.69882479E-05
3.50760746E-01 3.41702812E-03 8.00400998E-05
3.52088749E-01 3.39679760E-03 7.77449573E-05
3.53416687E-01 3.36164265E-03 7.74807758E-05
3.54744560E-01 3.38391976E-03 7.83859012E-05
3.56072369E-01 3.44264454E-03 8.22331109E-05
3.57400112E-01 3.35506997E-03 7.94486501E-05
3.58727791E-01 3.37642325E-03 8.44121852E-05
3.60055403E-01 3.52733834E-03 8.24538937E-05
3.61382950E-01 3.26475317E-03 8.04282212E-05
3.62710430E-01 3.34799344E-03 8.30351435E-05
3.64037844E-01 3.52901049E-03 8.54778869E-05
3.65365192E-01 3.38909724E-03 8.12309596E-05
3.66692473E-01 3.47439953E-03 8.34665337E-05
3.68019686E-01 3.65705675E-03 8.72880821E-05
3.69346833E-01 3.36774562E-03 8.57274568E-05
3.70673911E-01 3.45436127E-03 8.93103157E-05
3.72000922E-01 3.39388872E-03 8.57077561E-05
3.73327866E-01 3.56933402E-03 8.63109260E-05
3.74654740E-01 3.68254997E-03 9.50457993E-05
3.75981547E-01 3.41872078E-03 8.78582948E-05
3.77308284E-01 3.51000920E-03 8.88525239E-05
3.78634953E-01 3.56041709E-03 8.97783011E-05
3.79961552E-01 3.47058984E-03 8.91576149E-05
3.81288082E-01 3.46574697E-03 9.45955263E-05
3.82614543E-01 3.48251985E-03 8.71961887E-05
3.83940933E-01 3.15289711E-03 8.49899285E-05
3.85267254E-01 3.30618397E-03 8.86493987E-05
3.86593504E-01 3.64111416E-03 9.67929751E-05
3.87919683E-01 3.39489212E-03 9.04047339E-05
3.89245791E-01 3.69058810E-03 9.75425685E-05
3.90571829E-01 3.43477419E-03 9.41380097E-05
3.91897795E-01 3.43625145E-03 9.11155289E-05
3.93223690E-01 3.40134960E-03 9.16885789E-05
3.94549512E-01 3.67158607E-03 9.74141768E-05
3.95875263E-01 3.38034254E-03 9.31384648E-05
3.97200941E-01 3.39113480E-03 9.39041966E-05
3.98526547E-01 3.53848652E-03 9.95957639E-05
3.99852081E-01 3.19632037E-03 8.95819918E-05
4.01177541E-01 3.41077056E-03 9.85281269E-05
4.02502928E-01 3.54196485E-03 1.02132779E-04
4.03828242E-01 3.58054552E-03 9.96342848E-05
4.05153481E-01 3.42092696E-03 9.66415748E-05
4.06478647E-01 3.65220734E-03 1.01844029E-04
4.07803739E-01 3.45476705E-03 9.88268162E-05
4.09128757E-01 3.31598324E-03 9.54668938E-05
4.10453700E-01 3.59141108E-03 9.73958461E-05
4.11778568E-01 3.64641673E-03 9.91635014E-05
4.13103361E-01 3.51987786E-03 1.00908671E-04
4.14428078E-01 3.38487515E-03 1.00920095E-04
4.15752720E-01 3.69138328E-03 1.01864445E-04
4.17077287E-01 3.37266825E-03 1.01972180E-04
4.18401777E-01 3.59638944E-03 1.05826892E-04
4.19726191E-01 3.68298792E-03 1.07524233E-04
4.21050528E-01 3.41435116E-03 9.45267673E-05
4.22374789E-01 3.49123722E-03 1.02501697E-04
4.23698973E-01 3.40984016E-03 1.03671114E-04
4.25023079E-01 3.37693871E-03 1.05722142E-04
4.26347108E-01 3.50903757E-03 1.00616604E-04
4.27671060E-01 3.49355827E-03 1.05972777E-04
4.28994934E-01 3.53642178E-03 1.07049704E-04
4.30318729E-01 3.45096953E-03 1.05535211E-04
4.31642446E-01 3.42515614E-03 1.03175280E-04
4.32966085E-01 3.54130393E-03 1.04979691E-04
4.34289644E-01 3.58394027E-03 1.08801091E-04
4.35613125E-01 3.51431680E-03 1.04907759E-04
4.36936526E-01 3.42645340E-03 1.02171232E-04
4.38259848E-01 3.52883089E-03 1.07764309E-04
4.39583090E-01 3.66122264E-03 1.10510236E-04
4.40906252E-01 3.52479981E-03 1.08154149E-04
4.42229334E-01 3.47368154E-03 1.06865236E-04
4.43552335E-01 3.52455544E-03 1.14210920E-04
4.44875255E-01 3.46264924E-03 1.06667262E-04
4.46198095E-01 3.50776327E-03 1.07773207E-04
4.47520853E-01 3.55376979E-03 1.11142061E-04
4.48843531E-01 3.43870468E-03 1.09607591E-04
4.50166126E-01 3.54261000E-03 1.14083550E-04
4.51488640E-01 3.59279430E-03 1.09648527E-04
4.52811071E-01 3.65297707E-03 1.14757574E-04
4.54133420E-01 3.31457105E-03 1.10004520E-04
4.55455687E-01 3.45722319E-03 1.09429062E-04
4.56777871E-01 3.58342066E-03 1.11198175E-04
4.58099971E-01 3.50061445E-03 1.08481567E-04
4.59421989E-01 3.47336551E-03 1.13912478E-04
4.60743923E-01 3.63914055E-03 1.07728335E-04
4.62065773E-01 3.57720431E-03 1.14230278E-04
4.63387539E-01 3.56051834E-03 1.10329127E-04
4.64709222E-01 3.64649097E-03 1.09661517E-04
4.66030819E-01 3.58016192E-03 1.21049753E-04
4.67352332E-01 3.42583153E-03 1.23239698E-04
4.68673761E-01 3.48594482E-03 1.19816707E-04
4.69995104E-01 3.72924886E-03 1.32475916E-04
4.71316361E-01 3.71753010E-03 1.33944005E-04
4.72637534E-01 3.20007552E-03 1.25918290E-04
4.73958620E-01 3.55204199E-03 1.32147010E-04
4.75279620E-01 3.75588697E-03 1.31355128E-04
4.76600534E-01 3.29604225E-03 1.32659714E-04
4.77921362E-01 3.54416915E-03 1.30001589E-04
4.79242103E-01 3.76915363E-03 1.42639062E-04
4.80562757E-01 3.62307933E-03 1.36380272E-04
4.81883323E-01 3.53885283E-03 1.43941417E-04
4.83203803E-01 3.61315440E-03 1.42697701E-04
4.84524194E-01 3.69277224E-03 1.49088061E-04
4.85844498E-01 3.56928110E-03 1.51258253E-04
4.87164714E-01 3.44124119E-03 1.52901839E-04
4.88484841E-01 3.64839676E-03 1.60260536E-04
4.89804880E-01 3.32042220E-03 1.59646903E-04
4.91124830E-01 3.55842938E-03 1.59766133E-04
4.92444691E-01 4.01647768E-03 1.65931423E-04
4.93764462E-01 3.75957816E-03 1.65619855E-04
4.95084144E-01 3.69834821E-03 1.79230392E-04
4.96403737E-01 3.63767896E-03 1.81662002E-04
4.97723239E-01 3.47350462E-03 1.79721349E-04
4.99042652E-01 3.60949517E-03 1.76785103E-04
5.00361973E-01 3.46143577E-03 1.64744976E-04
5.01681205E-01 3.84227477E-03 1.80415665E-04
5.03000345E-01 3.75375723E-03 2.00031773E-04
5.04319394E-01 3.30086831E-03 1.87775123E-04
5.05638352E-01 3.66750541E-03 2.03413869E-04
5.06957219E-01 3.95154330E-03 1.92950025E-04
5.08275993E-01 3.88620965E-03 2.12057552E-04
5.09594676E-01 3.56828883E-03 2.10529893E-04
5.10913266E-01 3.89574878E-03 2.26897321E-04
5.12231764E-01 3.71042147E-03 1.97212814E-04
5.13550170E-01 3.34475344E-03 1.99179759E-04
5.14868482E-01 3.60705473E-03 2.16745519E-04
5.16186701E-01 3.78425931E-03 2.16948951E-04
5.17504827E-01 3.96373604E-03 2.29900461E-04
5.18822859E-01 3.70402408E-03 2.28605201E-04
5.20140797E-01 3.51272214E-03 2.58746968E-04
5.21458641E-01 3.45899571E-03 2.10798934E-04
5.22776391E-01 3.27037145E-03 2.16864732E-04
5.24094047E-01 3.73792542E-03 2.19007172E-04
5.25411608E-01 3.94443977E-03 2.42658691E-04
5.26729073E-01 3.60098102E-03 2.51497816E-04
5.28046444E-01 3.41534444E-03 2.59569491E-04
5.29363719E-01 3.90433888E-03 2.57764937E-04
5.30680898E-01 3.49411165E-03 2.60323909E-04
5.31997982E-01 3.68165409E-03 2.61392315E-04
5.33314969E-01 3.58760231E-03 2.89066715E-04
5.34631861E-01 3.90268550E-03 3.23252364E-04
5.35948655E-01 3.61453446E-03 2.83621093E-04
5.37265353E-01 3.38995639E-03 3.09111262E-04
5.38581954E-01 3.74546824E-03 3.09705604E-04
5.39898457E-01 4.12641142E-03 3.68897095E-04
5.41214863E-01 3.89663424E-03 2.96799961E-04
5.42531172E-01 3.18417895E-03 2.46132227E-04
5.43847382E-01 4.00336552E-03 3.18088271E-04
5.45163494E-01 3.59498828E-03 3.16716446E-04
5.46479508E-01 3.99799414E-03 4.12726966E-04
5.47795424E-01 3.17076958E-03 3.17770713E-04
5.49111240E-01 3.31579993E-03 3.35531150E-04
5.50426957E-01 4.33047994E-03 3.72126958E-04
5.51742576E-01 3.69458021E-03 3.45748607E-04
5.53058094E-01 3.96065232E-03 3.26106200E-04
5.54373513E-01 4.02115205E-03 3.92693077E-04
5.55688832E-01 4.46628841E-03 4.65326458E-04
5.57004051E-01 4.17299173E-03 4.26299089E-04
5.58319169E-01 3.95575596E-03 4.30710733E-04
5.59634187E-01 4.71780322E-03 5.60929192E-04
5.60949104E-01 3.47601089E-03 4.02089377E-04
5.62263920E-01 3.21580507E-03 5.32196165E-04
5.63578635E-01 3.44613841E-03 4.78171825E-04
5.64893248E-01 4.44495078E-03 4.62485022E-04
5.66207759E-01 3.39427875E-03 5.70332678E-04
5.67522168E-01 2.86077401E-03 4.25208561E-04
5.68836475E-01 4.10227101E-03 5.04486888E-04
5.70150680E-01 3.99567105E-03 5.81058907E-04
5.71464782E-01 2.84483396E-03 5.15537265E-04
5.72778781E-01 4.24838622E-03 7.16107897E-04
5.74092677E-01 3.96718536E-03 6.76258725E-04
5.75406470E-01 3.43989137E-03 6.14164776E-04
5.76720159E-01 2.38827511E-03 7.15073914E-04
5.78033745E-01 3.40586263E-03 1.24575844E-03
5.79347226E-01 6.02171515E-03 1.43537003E-03
5.80660603E-01 3.06592526E-03 1.32848739E-03


### HEADER:

{
    "analysis": {
        "uvvis": {
            "UVDarkTransmission": 0.0, 
            "UVPathlength": 1.5, 
            "UVTransmission": 1.0
        }
    }, 
    "calibration_params": {
        "Beam_Center_X": 353.270665166, 
        "Beam_Center_Y": 218.565552071, 
        "Detector_Pixel_Size": 0.172, 
        "Radial_Average_Method": "RAW", 
        "Sample_Detector_Distance": 600.0, 
        "Wavelength": 1.34765431953
    }, 
    "config_file": null, 
    "counters": {}, 
    "filename": "02489_A1_BSA_10_273_c.tiff", 
    "history": {}, 
    "imageHeader": {
        "AFTER": 155807790.0, 
        "BEFORE": 155807790.0, 
        "IC": 155807790.0, 
        "Img.ImgType": "2D", 
        "Img.Site": "TUM", 
        "aquire_timestamp": "Wed Jan 23 14:57:56 2019", 
        "beam_x": 360.21, 
        "beam_y": 207.57, 
        "beamcenter_actual": "360.21    207.57", 
        "beamcenter_nominal": "360.21    207.57", 
        "bstop": 98.0, 
        "calibrationtype": "geom", 
        "configuraton_number": 2.0, 
        "data_added_constant": 0.0, 
        "data_multiplied_constant": 1.0, 
        "datatype": "tiff", 
        "det_count_cutoff": 1147717.0, 
        "det_excluded_pixels": "badpix_mask.tif", 
        "det_exposure_period": 31.0, 
        "det_exposure_time": 30.0, 
        "det_flat_field": "FF_p3-0304_E8048_T4024_vrf_m0p100.tif", 
        "det_n_excluded_pixels": 11.0, 
        "det_pixel_size": "172e-6 172e-6", 
        "det_tau": 0.0, 
        "det_thickness": 0.00032, 
        "det_threshold_setting": 4024.0, 
        "det_trim_directory": "p3-0304_E8048_T4024.bin", 
        "detector_dist": 605.2981, 
        "detector_function": "saxs", 
        "detector_sn": "dec1442", 
        "detectortype": "Pilatus", 
        "detx": 524.998096, 
        "dety": 2.871875, 
        "detz": 0.0, 
        "error_norm_fact": 1.0, 
        "exposure_time": 30.0, 
        "flatfield_applied": 1.0, 
        "hg1": 1.5, 
        "hg2": 0.8, 
        "hp1": 0.0, 
        "hp2": -0.0, 
        "integration_time": 30.0, 
        "livetime": 30.0, 
        "log": "log", 
        "pd": -0.000125, 
        "photons_per_100adu": 100.0, 
        "pixelsize": "0.172 0.172", 
        "pixelsize_x": 172.0, 
        "pixelsize_y": 172.0, 
        "reduction_type": "s", 
        "sample_angle1": 0.0, 
        "sample_bio_cell_temp": 25.0, 
        "sample_bio_code": "None", 
        "sample_bio_run_number": 1.0, 
        "sample_bio_uv_dark": 0.0, 
        "sample_bio_uv_pathlength": 1.5, 
        "sample_bio_uv_trans": 1.0, 
        "sample_temp": 20.06, 
        "sample_transfact": 1.0, 
        "sample_ypos": 1.5, 
        "sample_zpos": 0.0, 
        "saturated_value": 1147717.0, 
        "saxsconf_Ieff": 1.0, 
        "saxsconf_Imon": 155807790.0, 
        "saxsconf_Izero": 155807790.0, 
        "saxsconf_det_offx": 0.0, 
        "saxsconf_det_offy": 0.0, 
        "saxsconf_det_pixsizey": 0.172, 
        "saxsconf_det_pixsizez": 0.172, 
        "saxsconf_det_rotx": 0.0, 
        "saxsconf_det_roty": 0.0, 
        "saxsconf_dwavelength": 0.004, 
        "saxsconf_l1": 725.0, 
        "saxsconf_l2": 400.0, 
        "saxsconf_l3": 200.0, 
        "saxsconf_r1": 0.75, 
        "saxsconf_r2": 0.4, 
        "saxsconf_r3": 0.75, 
        "saxsconf_wavelength": 1.3414, 
        "solz": 0.0, 
        "source_kV": 0.0, 
        "source_ma": 0.0, 
        "source_type": "EXCILLUMMETALJET", 
        "start_timestamp": "Wed Jan 23 14:57:56 2019", 
        "thsam": 0.0, 
        "vg1": 1.5, 
        "vg2": 0.8, 
        "vp1": 0.0, 
        "vp2": 0.0, 
        "wavelength": 1.3414, 
        "xaxisbintype": "lin", 
        "zinger_removal": 0.0, 
        "zsam": 0.0
    }, 
    "load_path": "/home/saxslab/BIODATA/RawCorr/02489_A1_BSA_10_273_c.tiff", 
    "normalizations": {
        "Counter_norms": [
            [
                "/", 
                "exposure_time"
            ], 
            [
                "/", 
                "saxsconf_Izero/1e7"
            ]
        ], 
        "Solid_Angle_Correction": "On"
    }, 
    "raw_version": "1.4.2 (BioXolver version)"
}

